--- Starting comparisons --- 
Initial GPU memory loaded: [17281] MiB
Of total GPU memory: [95830] MiB

prompt1 of the 10 requests: 
Time taken for comparisons: 118.45565575780347 seconds.
 Starttime: 2026-03-26 14:21:19.835732 Endtime: 2026-03-26 14:23:18.289295
With GPU memory usage values (MiB): [[17849], [17849], [17849], [17849], [17853], [17855], [17855], [17855], [17855], [17855], [17855], [17855], [17855], [17855], [17855], [17855], [17855], [17855], [17855], [17855], [17855], [17855], [17855], [17855], [17855], [17855], [17855], [17855], [17855], [17855], [17855], [17855], [17855], [17855], [17855], [17855], [17855], [17855], [17855], [17855], [17855], [17855], [17855], [17855], [17855], [17855], [17855], [17855], [17855], [17855], [17855], [17855], [17855], [17855], [17855], [17855], [17855], [17855], [17855], [17855], [17855], [17855], [17855], [17855], [17855], [17855], [17855], [17855], [17855], [17855], [17855], [17855], [17855], [17855], [17855], [17855], [17855], [17855], [17855], [17855], [17855], [17855], [17855], [17855], [17855], [17855], [17855], [17855], [17855], [17855], [17855], [17855], [17855], [17855], [17855], [17855], [17855], [17855], [17855], [17855], [17855], [17855], [17855], [17855], [17855], [17855], [17855], [17855]]
GPU utilization values (%): [[0], [0], [0], [0], [0], [12], [12], [12], [12], [12], [12], [11], [12], [12], [12], [12], [11], [12], [13], [12], [12], [12], [12], [12], [12], [12], [12], [12], [13], [12], [12], [13], [12], [12], [12], [12], [12], [13], [12], [12], [12], [12], [12], [12], [13], [12], [12], [12], [12], [13], [12], [12], [13], [13], [12], [13], [12], [13], [12], [13], [13], [12], [12], [13], [12], [12], [13], [13], [12], [13], [13], [13], [13], [12], [13], [13], [13], [13], [12], [12], [13], [13], [12], [13], [13], [12], [13], [13], [12], [13], [13], [13], [13], [13], [12], [12], [13], [12], [13], [13], [13], [13], [13], [12], [13], [13], [13], [0]]
Power draw values (W): [[87.57], [85.53], [85.57], [85.82], [140.39], [96.64], [95.58], [96.52], [95.36], [96.12], [95.74], [95.6], [95.9], [96.27], [96.36], [96.52], [96.17], [96.18], [96.49], [96.1], [96.13], [95.35], [95.99], [95.59], [96.41], [96.39], [96.21], [97.26], [96.09], [96.26], [96.32], [96.35], [96.21], [97.0], [97.09], [96.29], [96.77], [96.72], [96.38], [97.1], [96.18], [96.97], [97.54], [96.48], [96.75], [96.77], [97.23], [97.37], [97.03], [98.29], [97.63], [96.97], [97.51], [98.44], [98.77], [97.41], [97.43], [97.78], [97.97], [97.93], [97.74], [97.48], [97.96], [98.33], [97.69], [97.19], [99.22], [98.42], [97.8], [97.93], [97.84], [98.01], [98.07], [98.79], [97.77], [98.3], [97.81], [98.67], [98.72], [97.72], [97.81], [97.8], [98.69], [98.24], [98.25], [99.43], [97.93], [98.27], [98.28], [98.85], [98.02], [98.95], [98.81], [98.72], [98.89], [98.8], [98.18], [98.49], [98.52], [99.08], [98.54], [98.5], [99.09], [98.66], [99.16], [99.13], [98.71], [93.48]]

In total for 1 requests: Time taken for comparisons: 118.45624443283305 seconds.
 With avg GPU memory usage values (MiB): 17854.75925925926
avg GPU utilization values (%): 12.401960784313726
avg Power draw values (W): 97.40305555555557
