--- Starting comparisons --- 
Initial GPU memory loaded: [22619] MiB
Of total GPU memory: [95830] MiB

promptBaseline of the 10 requests: 
Time taken for comparisons: 6.584458802128211 seconds.
 Starttime: 2026-03-28 09:49:23.711561 Endtime: 2026-03-28 09:49:30.295672
With GPU memory usage values (MiB): [[22693], [22697], [22703], [22707], [22713], [22721]]
GPU utilization values (%): [[36], [36], [37], [37], [35], [37]]
Power draw values (W): [[104.98], [154.26], [153.18], [153.35], [154.35], [149.4]]

prompt10 of the 10 requests: 
Time taken for comparisons: 47.97432256792672 seconds.
 Starttime: 2026-03-28 09:49:30.298007 Endtime: 2026-03-28 09:50:18.271927
With GPU memory usage values (MiB): [[23457], [23457], [23461], [23467], [23473], [23479], [23483], [23489], [23493], [23499], [23503], [23509], [23513], [23519], [23523], [23529], [23533], [23537], [23545], [23551], [23559], [23561], [23567], [23573], [23577], [23583], [23589], [23593], [23599], [23601], [23613], [23613]]
GPU utilization values (%): [[22], [18], [23], [23], [24], [25], [24], [26], [27], [26], [27], [26], [28], [29], [23], [27], [28], [28], [28], [24], [26], [28], [26], [25], [25], [23], [23], [18], [27], [25], [29], [30]]
Power draw values (W): [[137.41], [134.45], [135.74], [136.68], [134.45], [134.13], [138.29], [137.13], [138.17], [139.07], [138.15], [140.27], [136.94], [136.62], [137.09], [138.83], [139.75], [138.14], [135.95], [136.03], [134.33], [139.23], [136.05], [138.2], [137.53], [137.69], [136.69], [138.28], [136.36], [137.5], [140.64], [140.13]]

prompt1 of the 10 requests: 
Time taken for comparisons: 56.031777534866706 seconds.
 Starttime: 2026-03-28 09:49:30.296365 Endtime: 2026-03-28 09:50:26.318656
With GPU memory usage values (MiB): [[23457], [23457], [23461], [23467], [23473], [23479], [23483], [23487], [23493], [23497], [23503], [23509], [23513], [23519], [23523], [23529], [23533], [23537], [23545], [23551], [23557], [23561], [23567], [23573], [23577], [23583], [23589], [23593], [23599], [23601], [23607], [23613], [23613], [23613], [23615], [23615], [23619], [23629]]
GPU utilization values (%): [[22], [23], [23], [24], [22], [25], [24], [23], [27], [26], [27], [26], [28], [25], [23], [29], [28], [25], [28], [24], [22], [27], [24], [27], [26], [28], [27], [28], [27], [30], [30], [29], [24], [16], [25], [23], [25], [26]]
Power draw values (W): [[135.31], [134.45], [136.6], [135.45], [134.45], [135.33], [138.3], [137.69], [138.8], [138.96], [137.96], [140.27], [135.29], [136.92], [137.09], [139.32], [139.75], [138.14], [135.83], [136.03], [134.09], [138.98], [136.11], [138.31], [139.12], [137.69], [137.25], [138.51], [138.52], [139.0], [139.25], [138.78], [134.23], [134.65], [137.47], [137.26], [138.16], [137.47]]

prompt6 of the 10 requests: 
Time taken for comparisons: 57.46103864489123 seconds.
 Starttime: 2026-03-28 09:49:30.297312 Endtime: 2026-03-28 09:50:27.757987
With GPU memory usage values (MiB): [[23457], [23457], [23461], [23467], [23473], [23479], [23483], [23487], [23493], [23497], [23501], [23507], [23511], [23515], [23521], [23529], [23531], [23537], [23543], [23549], [23553], [23559], [23567], [23571], [23577], [23583], [23589], [23591], [23597], [23601], [23607], [23613], [23613], [23613], [23613], [23615], [23619], [23629], [23629]]
GPU utilization values (%): [[22], [18], [23], [24], [24], [21], [29], [23], [27], [29], [28], [28], [25], [22], [28], [28], [28], [27], [27], [21], [26], [26], [25], [25], [26], [29], [30], [28], [29], [29], [23], [28], [27], [21], [25], [26], [25], [26], [21]]
Power draw values (W): [[135.31], [133.79], [135.74], [135.61], [134.88], [135.33], [138.3], [138.24], [141.05], [139.3], [137.91], [138.07], [135.85], [136.26], [136.6], [139.53], [138.94], [139.38], [138.29], [136.64], [137.77], [139.5], [136.69], [138.9], [141.11], [139.15], [139.94], [141.12], [138.0], [136.4], [135.44], [138.6], [134.89], [136.62], [138.31], [137.26], [138.16], [138.99], [138.93]]

prompt9 of the 10 requests: 
Time taken for comparisons: 60.156211722875014 seconds.
 Starttime: 2026-03-28 09:49:30.297824 Endtime: 2026-03-28 09:50:30.453570
With GPU memory usage values (MiB): [[23457], [23457], [23461], [23467], [23471], [23477], [23481], [23485], [23489], [23493], [23499], [23505], [23509], [23513], [23519], [23525], [23531], [23535], [23543], [23549], [23551], [23559], [23563], [23567], [23575], [23579], [23583], [23589], [23593], [23601], [23603], [23613], [23613], [23613], [23613], [23615], [23619], [23621], [23629], [23629], [23629], [23629]]
GPU utilization values (%): [[22], [23], [26], [29], [29], [29], [23], [29], [28], [25], [24], [24], [27], [25], [24], [28], [28], [27], [26], [24], [26], [28], [28], [29], [25], [27], [23], [24], [18], [27], [25], [25], [27], [27], [26], [30], [31], [30], [31], [29], [25], [23]]
Power draw values (W): [[137.41], [138.46], [139.73], [141.37], [139.35], [137.6], [132.59], [138.05], [137.29], [136.7], [137.42], [137.43], [139.79], [137.66], [136.48], [137.63], [137.91], [139.25], [138.74], [138.55], [137.38], [135.9], [140.1], [136.12], [139.36], [137.2], [136.33], [136.34], [137.89], [136.36], [136.39], [140.34], [136.09], [136.62], [139.11], [139.79], [140.14], [140.25], [137.8], [138.36], [140.52], [140.96]]

prompt2 of the 10 requests: 
Time taken for comparisons: 64.19118212303147 seconds.
 Starttime: 2026-03-28 09:49:30.296551 Endtime: 2026-03-28 09:50:34.487344
With GPU memory usage values (MiB): [[23457], [23457], [23461], [23467], [23471], [23477], [23481], [23485], [23489], [23493], [23499], [23505], [23509], [23515], [23519], [23525], [23531], [23535], [23541], [23547], [23551], [23559], [23561], [23567], [23573], [23577], [23583], [23589], [23593], [23599], [23601], [23613], [23613], [23613], [23613], [23615], [23619], [23619], [23629], [23629], [23629], [23629], [23629], [23629], [23629]]
GPU utilization values (%): [[26], [26], [26], [29], [29], [29], [23], [29], [26], [25], [24], [28], [28], [28], [24], [28], [28], [27], [28], [29], [28], [26], [28], [26], [25], [27], [23], [23], [28], [27], [25], [25], [28], [30], [30], [31], [28], [23], [26], [21], [22], [23], [27], [28], [27]]
Power draw values (W): [[137.41], [138.46], [138.82], [142.31], [139.97], [138.82], [132.59], [138.05], [137.29], [136.06], [137.42], [136.65], [139.56], [136.9], [136.63], [137.63], [137.91], [139.17], [138.42], [137.65], [135.98], [134.33], [140.07], [136.12], [138.2], [137.53], [136.33], [136.69], [138.51], [136.36], [137.5], [139.18], [138.49], [141.55], [140.02], [140.0], [137.12], [137.38], [138.99], [138.93], [140.52], [140.96], [140.37], [140.51], [141.07]]

prompt7 of the 10 requests: 
Time taken for comparisons: 69.493590695085 seconds.
 Starttime: 2026-03-28 09:49:30.297483 Endtime: 2026-03-28 09:50:39.789267
With GPU memory usage values (MiB): [[23457], [23457], [23461], [23467], [23473], [23479], [23483], [23487], [23493], [23497], [23501], [23509], [23511], [23515], [23521], [23529], [23531], [23537], [23543], [23549], [23557], [23561], [23567], [23571], [23577], [23583], [23589], [23593], [23597], [23601], [23607], [23613], [23613], [23613], [23613], [23615], [23619], [23625], [23629], [23629], [23629], [23629], [23629], [23629], [23629], [23629], [23629], [23629], [23629]]
GPU utilization values (%): [[22], [23], [23], [24], [22], [21], [24], [23], [27], [28], [28], [28], [25], [22], [28], [28], [28], [26], [27], [21], [26], [27], [24], [25], [26], [29], [27], [28], [27], [29], [24], [26], [22], [21], [26], [26], [28], [26], [21], [27], [28], [29], [31], [31], [31], [31], [30], [30], [31]]
Power draw values (W): [[135.31], [134.45], [135.74], [135.61], [134.88], [136.31], [138.3], [137.69], [140.05], [139.33], [137.91], [138.88], [135.96], [136.26], [136.6], [139.53], [138.94], [138.88], [136.46], [136.66], [134.59], [138.98], [136.44], [139.1], [141.11], [138.79], [139.25], [142.51], [138.75], [137.53], [136.15], [138.6], [134.18], [136.62], [138.31], [137.88], [139.05], [140.45], [139.5], [142.76], [143.21], [142.39], [141.4], [142.68], [140.93], [142.35], [140.83], [142.11], [142.51]]

prompt5 of the 10 requests: 
Time taken for comparisons: 76.04325557081029 seconds.
 Starttime: 2026-03-28 09:49:30.297139 Endtime: 2026-03-28 09:50:46.340015
With GPU memory usage values (MiB): [[23457], [23457], [23461], [23467], [23473], [23479], [23481], [23485], [23491], [23495], [23501], [23505], [23511], [23515], [23521], [23529], [23531], [23537], [23543], [23549], [23553], [23559], [23567], [23569], [23577], [23579], [23585], [23589], [23597], [23601], [23603], [23613], [23613], [23613], [23613], [23615], [23619], [23623], [23629], [23629], [23629], [23629], [23629], [23629], [23629], [23629], [23629], [23629], [23629], [23629], [23629], [23629], [23629], [23629], [23629]]
GPU utilization values (%): [[22], [23], [22], [23], [24], [26], [28], [26], [28], [28], [25], [27], [28], [26], [28], [28], [23], [27], [26], [21], [26], [26], [25], [29], [29], [28], [26], [29], [28], [24], [25], [28], [22], [21], [26], [30], [28], [29], [30], [29], [30], [29], [29], [28], [27], [27], [26], [28], [28], [29], [28], [29], [28], [29], [29]]
Power draw values (W): [[135.31], [135.54], [136.6], [136.68], [136.19], [138.76], [135.85], [137.31], [135.79], [134.72], [136.47], [136.18], [137.46], [135.94], [136.55], [139.22], [138.78], [138.84], [138.29], [136.64], [137.77], [139.5], [137.02], [140.18], [142.48], [137.25], [135.97], [137.2], [136.96], [135.83], [135.49], [139.18], [134.89], [136.62], [139.11], [138.37], [140.01], [142.56], [142.47], [141.62], [140.42], [140.86], [140.73], [140.08], [140.63], [141.97], [141.14], [142.16], [141.64], [141.85], [143.81], [142.52], [144.78], [142.27], [142.51]]

prompt8 of the 10 requests: 
Time taken for comparisons: 79.23310974286869 seconds.
 Starttime: 2026-03-28 09:49:30.297652 Endtime: 2026-03-28 09:50:49.529952
With GPU memory usage values (MiB): [[23457], [23457], [23461], [23467], [23473], [23477], [23481], [23485], [23489], [23495], [23501], [23505], [23509], [23515], [23519], [23525], [23531], [23535], [23543], [23547], [23551], [23559], [23563], [23567], [23577], [23579], [23583], [23589], [23593], [23601], [23601], [23613], [23613], [23613], [23613], [23615], [23619], [23619], [23629], [23629], [23629], [23629], [23629], [23629], [23629], [23629], [23629], [23629], [23629], [23629], [23629], [23629], [23629], [23629], [23629], [23629], [23629], [23629]]
GPU utilization values (%): [[22], [23], [22], [23], [27], [28], [24], [25], [28], [28], [25], [28], [26], [28], [27], [28], [28], [27], [26], [24], [26], [28], [29], [30], [29], [24], [23], [24], [18], [22], [25], [25], [28], [30], [28], [29], [29], [23], [23], [21], [22], [23], [28], [28], [28], [29], [28], [29], [28], [29], [29], [29], [29], [31], [31], [32], [30], [31]]
Power draw values (W): [[137.41], [135.54], [136.6], [138.3], [137.52], [140.43], [133.83], [137.29], [135.8], [134.72], [136.47], [136.57], [138.07], [136.93], [136.66], [137.63], [138.25], [139.13], [138.74], [139.26], [137.77], [137.23], [140.31], [138.98], [140.09], [136.52], [136.33], [136.34], [137.89], [136.36], [137.5], [140.64], [138.49], [140.44], [141.48], [140.83], [135.92], [137.6], [137.47], [138.93], [141.7], [140.96], [140.59], [140.63], [142.65], [142.15], [142.27], [141.97], [142.52], [143.65], [144.87], [143.59], [144.28], [144.41], [142.53], [144.79], [145.45], [145.06]]

prompt4 of the 10 requests: 
Time taken for comparisons: 81.14092925097793 seconds.
 Starttime: 2026-03-28 09:49:30.296966 Endtime: 2026-03-28 09:50:51.437473
With GPU memory usage values (MiB): [[23457], [23457], [23461], [23467], [23473], [23479], [23483], [23487], [23491], [23497], [23501], [23505], [23509], [23515], [23521], [23527], [23531], [23535], [23543], [23549], [23553], [23559], [23567], [23569], [23577], [23579], [23587], [23589], [23597], [23601], [23603], [23613], [23613], [23613], [23613], [23615], [23619], [23623], [23629], [23629], [23629], [23629], [23629], [23629], [23629], [23629], [23629], [23629], [23629], [23629], [23629], [23629], [23629], [23629], [23629], [23629], [23629], [23629], [23629]]
GPU utilization values (%): [[22], [23], [23], [23], [24], [21], [29], [30], [30], [29], [28], [27], [26], [26], [27], [25], [23], [27], [26], [28], [25], [26], [27], [29], [29], [28], [26], [29], [28], [29], [23], [28], [27], [21], [25], [26], [25], [26], [21], [27], [28], [28], [28], [29], [28], [28], [29], [28], [30], [31], [32], [31], [31], [32], [31], [31], [32], [30], [35]]
Power draw values (W): [[135.31], [134.45], [136.6], [136.68], [134.88], [136.31], [138.21], [139.91], [138.59], [135.25], [136.3], [136.18], [137.46], [136.44], [136.39], [139.25], [138.71], [138.9], [138.53], [138.97], [137.78], [139.5], [137.99], [139.71], [142.68], [138.26], [136.28], [138.04], [136.4], [135.83], [134.84], [139.18], [134.89], [136.62], [137.47], [137.26], [139.05], [140.45], [139.5], [141.59], [141.7], [143.3], [140.94], [143.1], [141.15], [142.27], [141.85], [142.96], [142.32], [142.66], [142.31], [143.37], [144.6], [142.55], [142.99], [145.01], [144.36], [143.62], [148.66]]

prompt3 of the 10 requests: 
Time taken for comparisons: 83.81070405710489 seconds.
 Starttime: 2026-03-28 09:49:30.296751 Endtime: 2026-03-28 09:50:54.106130
With GPU memory usage values (MiB): [[23457], [23457], [23461], [23467], [23473], [23479], [23483], [23487], [23493], [23497], [23503], [23509], [23513], [23517], [23523], [23529], [23531], [23537], [23545], [23551], [23557], [23559], [23567], [23571], [23577], [23583], [23589], [23593], [23599], [23601], [23613], [23613], [23613], [23613], [23615], [23615], [23619], [23623], [23629], [23629], [23629], [23629], [23629], [23629], [23629], [23629], [23629], [23629], [23629], [23629], [23629], [23629], [23629], [23629], [23629], [23629], [23629], [23629], [23629], [23629], [23629]]
GPU utilization values (%): [[22], [18], [23], [24], [22], [21], [24], [23], [27], [26], [27], [27], [28], [25], [28], [27], [28], [28], [26], [23], [26], [27], [24], [25], [26], [28], [23], [28], [27], [26], [29], [29], [29], [16], [25], [26], [28], [29], [26], [27], [23], [28], [28], [28], [29], [28], [26], [28], [29], [29], [29], [28], [29], [29], [32], [30], [29], [31], [36], [36], [0]]
Power draw values (W): [[135.31], [134.45], [135.74], [135.61], [134.45], [135.33], [138.3], [137.69], [138.8], [138.96], [137.96], [140.05], [136.66], [136.22], [136.24], [138.3], [139.05], [139.03], [135.57], [135.56], [134.59], [138.98], [136.44], [139.1], [139.12], [138.1], [136.69], [138.28], [137.03], [137.67], [141.16], [139.82], [134.71], [134.65], [137.47], [137.88], [140.01], [141.21], [139.5], [141.59], [140.96], [140.59], [140.51], [142.08], [142.15], [141.38], [141.97], [142.52], [141.99], [144.2], [143.63], [144.78], [143.27], [142.86], [145.41], [144.61], [145.24], [144.4], [150.9], [153.99], [122.63]]

In total for 10 requests: Time taken for comparisons: 83.81226906203665 seconds.
With avg GPU memory usage values (MiB): 23561.94560669456
avg GPU utilization values (%): 26.40251572327044
avg Power draw values (W): 138.59085774058582
