--- Starting comparisons --- 
Initial GPU memory loaded: [12405] MiB
Of total GPU memory: [95830] MiB

promptBaseline of the 10 requests: 
Time taken for comparisons: 26.408919021952897 seconds.
 Starttime: 2026-04-07 15:05:44.580595 Endtime: 2026-04-07 15:06:10.989078
With GPU memory usage values (MiB): [[12545], [12547], [12547], [12549], [12549], [12551], [12553], [12553], [12555], [12555], [12557], [12559], [12559], [12561], [12563], [12563], [12565], [12565], [12567], [12569], [12569], [12573], [12573], [12573]]
GPU utilization values (%): [[5], [17], [18], [18], [17], [17], [18], [18], [18], [17], [17], [18], [17], [18], [17], [17], [16], [17], [17], [17], [18], [18], [17], [0]]
Power draw values (W): [[89.26], [98.35], [98.25], [98.74], [99.08], [98.36], [98.42], [98.68], [98.42], [98.65], [98.89], [98.42], [99.4], [98.3], [99.2], [98.82], [98.14], [98.41], [98.33], [98.05], [97.76], [98.07], [98.45], [89.29]]

prompt2 of the 10 requests: 
Time taken for comparisons: 315.90592715889215 seconds.
 Starttime: 2026-04-07 15:06:10.990252 Endtime: 2026-04-07 15:11:26.892917
With GPU memory usage values (MiB): [[13181], [13181], [13181], [13181], [13181], [13181], [13181], [13181], [13181], [13181], [13185], [13185], [13185], [13187], [13187], [13191], [13191], [13193], [13193], [13193], [13195], [13195], [13197], [13197], [13197], [13199], [13201], [13201], [13201], [13205], [13207], [13207], [13207], [13209], [13209], [13211], [13211], [13215], [13217], [13217], [13219], [13219], [13221], [13223], [13223], [13225], [13227], [13227], [13229], [13231], [13231], [13233], [13233], [13233], [13235], [13235], [13239], [13239], [13239], [13239], [13241], [13241], [13243], [13245], [13245], [13247], [13249], [13251], [13251], [13251], [13253], [13255], [13257], [13257], [13259], [13261], [13261], [13261], [13263], [13263], [13265], [13267], [13269], [13269], [13271], [13271], [13273], [13273], [13273], [13275], [13275], [13277], [13281], [13281], [13283], [13283], [13285], [13285], [13285], [13287], [13289], [13289], [13291], [13291], [13293], [13295], [13297], [13297], [13299], [13299], [13299], [13301], [13303], [13303], [13305], [13307], [13309], [13309], [13309], [13311], [13313], [13315], [13315], [13319], [13321], [13321], [13321], [13323], [13323], [13323], [13327], [13327], [13329], [13333], [13333], [13335], [13335], [13335], [13335], [13335], [13337], [13337], [13337], [13339], [13341], [13345], [13345], [13347], [13349], [13349], [13351], [13351], [13351], [13351], [13351], [13351], [13353], [13353], [13355], [13359], [13363], [13363], [13365], [13365], [13367], [13369], [13369], [13369], [13369], [13369], [13369], [13369], [13369], [13369], [13369], [13369], [13371], [13379], [13381], [13387], [13391], [13391], [13393], [13399], [13399], [13399], [13399], [13399], [13399], [13399], [13399], [13399], [13399], [13399], [13399], [13399], [13399], [13399], [13399], [13399], [13401], [13405], [13409], [13413], [13415], [13417], [13417], [13419], [13419], [13423], [13427], [13427]]
GPU utilization values (%): [[12], [10], [12], [8], [11], [11], [11], [12], [11], [12], [11], [13], [11], [11], [12], [10], [12], [10], [12], [12], [12], [11], [12], [12], [12], [12], [11], [10], [12], [10], [12], [11], [9], [11], [10], [12], [13], [11], [11], [12], [12], [12], [10], [12], [11], [11], [13], [12], [10], [12], [10], [12], [12], [10], [11], [12], [12], [12], [13], [11], [12], [11], [11], [11], [12], [12], [9], [12], [11], [11], [10], [11], [12], [11], [11], [13], [10], [11], [11], [10], [11], [11], [12], [12], [13], [12], [10], [11], [12], [12], [11], [11], [10], [11], [12], [12], [13], [11], [10], [10], [12], [12], [12], [12], [11], [11], [12], [12], [12], [11], [12], [12], [13], [10], [11], [10], [12], [13], [12], [13], [10], [12], [12], [11], [12], [12], [13], [12], [9], [12], [12], [12], [13], [12], [12], [10], [11], [11], [12], [12], [12], [12], [12], [13], [13], [13], [12], [10], [10], [12], [12], [12], [11], [11], [11], [12], [12], [12], [13], [13], [12], [9], [9], [12], [9], [13], [11], [11], [11], [11], [11], [13], [11], [13], [11], [11], [13], [12], [12], [11], [11], [11], [11], [11], [11], [11], [11], [12], [12], [13], [13], [11], [12], [12], [11], [11], [12], [12], [12], [12], [13], [13], [11], [13], [12], [12], [11], [11], [12], [12], [12], [12]]
Power draw values (W): [[93.61], [95.26], [93.35], [93.88], [94.38], [94.15], [94.77], [93.9], [94.67], [94.14], [94.4], [94.47], [94.43], [94.97], [94.55], [94.72], [94.15], [94.37], [94.35], [94.5], [94.87], [94.41], [94.53], [94.5], [94.57], [94.66], [94.75], [93.79], [93.72], [94.89], [94.94], [94.48], [94.11], [94.76], [93.88], [94.75], [94.18], [94.57], [94.23], [94.54], [95.1], [94.45], [95.06], [94.15], [94.39], [93.96], [95.14], [94.54], [94.45], [94.7], [94.03], [94.6], [94.6], [94.62], [94.31], [94.02], [94.68], [94.36], [94.89], [94.52], [95.02], [94.21], [94.07], [94.33], [94.55], [94.37], [94.82], [94.78], [94.76], [95.1], [93.98], [94.82], [94.81], [94.41], [94.73], [95.06], [94.67], [94.41], [94.1], [94.57], [95.04], [94.53], [95.39], [94.65], [94.78], [94.81], [94.47], [94.26], [94.58], [94.73], [94.92], [94.41], [94.5], [94.6], [95.43], [94.83], [94.99], [94.11], [95.08], [93.97], [93.83], [94.6], [93.74], [94.43], [95.26], [94.19], [94.69], [93.92], [94.94], [94.56], [93.93], [94.29], [94.93], [94.36], [94.91], [94.22], [94.56], [94.66], [94.34], [94.34], [94.66], [94.74], [94.49], [94.69], [94.8], [94.56], [94.05], [94.18], [94.89], [94.19], [94.2], [94.68], [95.01], [94.69], [94.8], [94.05], [94.35], [94.76], [94.43], [94.47], [94.21], [94.48], [94.8], [94.48], [93.84], [95.13], [94.54], [94.55], [94.91], [94.87], [94.53], [94.8], [94.78], [94.6], [94.7], [94.68], [94.35], [94.62], [95.24], [94.91], [94.64], [94.35], [95.0], [94.48], [95.24], [94.53], [94.31], [94.73], [94.18], [94.48], [95.03], [94.6], [95.37], [94.28], [94.74], [94.62], [94.35], [94.47], [94.65], [94.54], [94.65], [93.82], [94.77], [94.51], [94.71], [95.07], [95.0], [95.11], [94.18], [95.36], [93.99], [94.35], [95.29], [94.46], [94.77], [94.66], [94.6], [95.08], [94.51], [94.61], [94.76], [94.67], [94.95], [94.82], [95.04], [95.04], [94.26], [94.77], [93.85], [94.28], [94.62], [94.16]]

prompt10 of the 10 requests: 
Time taken for comparisons: 330.2402479122393 seconds.
 Starttime: 2026-04-07 15:06:10.992174 Endtime: 2026-04-07 15:11:41.226510
With GPU memory usage values (MiB): [[13181], [13181], [13181], [13181], [13181], [13181], [13181], [13181], [13181], [13183], [13185], [13185], [13185], [13187], [13189], [13191], [13193], [13193], [13193], [13195], [13195], [13195], [13197], [13197], [13197], [13201], [13201], [13201], [13203], [13205], [13207], [13207], [13207], [13209], [13209], [13211], [13211], [13215], [13217], [13217], [13219], [13219], [13221], [13223], [13223], [13225], [13225], [13227], [13227], [13229], [13231], [13231], [13233], [13233], [13233], [13235], [13235], [13239], [13239], [13239], [13239], [13241], [13243], [13245], [13245], [13245], [13247], [13249], [13251], [13251], [13251], [13253], [13255], [13255], [13257], [13257], [13259], [13261], [13261], [13261], [13263], [13263], [13265], [13267], [13269], [13269], [13271], [13271], [13273], [13273], [13275], [13275], [13277], [13277], [13281], [13283], [13283], [13285], [13285], [13285], [13287], [13289], [13289], [13289], [13291], [13291], [13293], [13297], [13297], [13299], [13299], [13299], [13301], [13303], [13303], [13303], [13305], [13307], [13309], [13309], [13309], [13311], [13311], [13313], [13315], [13319], [13319], [13321], [13321], [13321], [13323], [13323], [13327], [13327], [13329], [13333], [13333], [13335], [13335], [13335], [13335], [13335], [13337], [13337], [13337], [13339], [13341], [13345], [13345], [13347], [13349], [13349], [13349], [13351], [13351], [13351], [13351], [13351], [13353], [13353], [13355], [13359], [13363], [13363], [13365], [13365], [13367], [13367], [13369], [13369], [13369], [13369], [13369], [13369], [13369], [13369], [13369], [13369], [13369], [13379], [13381], [13387], [13391], [13391], [13393], [13399], [13399], [13399], [13399], [13399], [13399], [13399], [13399], [13399], [13399], [13399], [13399], [13399], [13399], [13399], [13399], [13399], [13399], [13403], [13407], [13413], [13415], [13417], [13417], [13419], [13419], [13423], [13427], [13427], [13427], [13427], [13427], [13427], [13427], [13427], [13427], [13427], [13427], [13427]]
GPU utilization values (%): [[12], [10], [12], [8], [11], [11], [10], [12], [11], [12], [12], [11], [11], [12], [12], [12], [11], [12], [11], [13], [11], [11], [11], [12], [11], [11], [12], [11], [13], [12], [12], [12], [11], [13], [12], [11], [12], [11], [11], [12], [12], [12], [10], [12], [12], [11], [11], [13], [12], [10], [12], [10], [12], [12], [11], [10], [11], [11], [11], [11], [11], [10], [10], [11], [13], [12], [12], [9], [12], [11], [12], [12], [10], [12], [11], [13], [13], [13], [11], [11], [11], [11], [11], [12], [12], [11], [12], [10], [12], [11], [13], [11], [11], [11], [12], [12], [12], [11], [11], [12], [12], [12], [10], [11], [13], [11], [11], [12], [10], [11], [12], [12], [11], [11], [12], [13], [12], [11], [12], [11], [10], [11], [11], [13], [11], [13], [12], [12], [10], [10], [13], [12], [11], [12], [13], [12], [12], [11], [12], [12], [12], [11], [9], [11], [12], [13], [11], [12], [11], [12], [11], [12], [13], [11], [11], [10], [10], [12], [11], [11], [13], [13], [12], [11], [11], [12], [11], [12], [11], [12], [12], [13], [10], [11], [12], [13], [13], [11], [13], [11], [10], [11], [11], [12], [12], [12], [11], [10], [11], [12], [10], [13], [11], [12], [12], [12], [12], [12], [11], [13], [12], [13], [12], [11], [11], [13], [11], [12], [13], [12], [10], [11], [11], [12], [13], [11], [13], [11], [11], [12], [12], [13], [11], [11]]
Power draw values (W): [[93.61], [95.26], [93.35], [93.88], [94.38], [94.01], [94.89], [93.78], [94.4], [94.24], [93.86], [94.5], [94.18], [94.64], [94.59], [94.17], [94.67], [94.24], [95.28], [94.19], [94.87], [94.99], [94.42], [94.45], [94.3], [94.81], [94.64], [94.09], [93.68], [95.07], [94.94], [94.39], [94.28], [94.41], [94.09], [94.87], [94.08], [94.63], [94.05], [94.5], [95.07], [94.12], [94.44], [95.28], [94.29], [94.39], [93.96], [94.94], [94.32], [94.45], [94.54], [94.03], [94.6], [94.6], [94.62], [94.3], [93.84], [94.05], [94.62], [94.83], [94.74], [94.41], [94.22], [94.55], [94.54], [94.55], [94.33], [94.82], [94.63], [94.76], [95.1], [94.63], [94.99], [94.72], [94.81], [94.78], [94.65], [95.38], [94.72], [94.58], [94.43], [94.58], [94.75], [94.25], [95.25], [94.58], [94.71], [94.78], [94.42], [94.07], [94.75], [94.68], [94.71], [94.59], [94.78], [94.93], [94.61], [94.6], [94.69], [94.84], [94.49], [94.1], [94.59], [93.76], [94.16], [94.39], [94.84], [94.16], [93.91], [94.67], [94.32], [94.22], [94.34], [94.6], [95.08], [94.5], [94.52], [94.37], [94.56], [94.66], [93.91], [94.55], [94.5], [94.63], [95.03], [94.31], [95.12], [94.53], [94.26], [94.04], [95.19], [94.45], [94.21], [94.7], [94.89], [94.92], [94.82], [93.98], [94.26], [94.85], [95.35], [94.84], [94.06], [94.05], [94.32], [94.59], [94.22], [95.07], [94.45], [94.52], [95.38], [94.94], [94.88], [94.74], [94.81], [94.56], [94.61], [94.6], [94.32], [94.23], [95.24], [94.91], [94.69], [94.38], [94.62], [94.43], [94.61], [94.83], [94.46], [94.48], [94.78], [94.9], [94.19], [94.61], [95.21], [94.28], [94.74], [94.62], [94.35], [94.43], [94.51], [94.26], [94.59], [93.88], [94.8], [93.87], [94.42], [94.8], [95.14], [95.16], [93.9], [95.38], [93.71], [94.38], [94.94], [94.68], [94.82], [94.37], [94.81], [94.63], [95.01], [94.79], [94.71], [94.8], [94.7], [94.82], [94.91], [95.04], [94.36], [94.62], [93.91], [94.32], [94.49], [94.08], [94.86], [94.26], [94.32], [94.23], [94.3], [94.78], [93.9], [94.66], [94.46], [95.25]]

prompt4 of the 10 requests: 
Time taken for comparisons: 343.1379995769821 seconds.
 Starttime: 2026-04-07 15:06:10.990811 Endtime: 2026-04-07 15:11:54.128333
With GPU memory usage values (MiB): [[13181], [13181], [13181], [13181], [13181], [13181], [13181], [13181], [13181], [13183], [13185], [13185], [13185], [13187], [13189], [13191], [13191], [13193], [13193], [13195], [13195], [13195], [13197], [13197], [13197], [13201], [13201], [13201], [13203], [13205], [13207], [13207], [13207], [13209], [13209], [13211], [13211], [13215], [13217], [13217], [13219], [13219], [13221], [13223], [13223], [13225], [13225], [13227], [13227], [13229], [13231], [13231], [13233], [13233], [13233], [13235], [13235], [13235], [13239], [13239], [13239], [13241], [13241], [13243], [13245], [13245], [13245], [13247], [13249], [13251], [13251], [13253], [13253], [13255], [13255], [13257], [13259], [13259], [13261], [13261], [13261], [13263], [13263], [13267], [13267], [13269], [13271], [13271], [13273], [13273], [13273], [13275], [13275], [13277], [13277], [13281], [13283], [13283], [13285], [13285], [13285], [13289], [13289], [13289], [13291], [13291], [13293], [13295], [13297], [13297], [13299], [13299], [13299], [13301], [13303], [13303], [13305], [13307], [13309], [13309], [13309], [13311], [13313], [13315], [13319], [13319], [13321], [13321], [13321], [13323], [13323], [13327], [13327], [13329], [13333], [13333], [13335], [13335], [13335], [13335], [13335], [13337], [13337], [13337], [13339], [13341], [13345], [13345], [13347], [13349], [13349], [13351], [13351], [13351], [13351], [13351], [13351], [13353], [13353], [13355], [13359], [13363], [13363], [13365], [13365], [13367], [13369], [13369], [13369], [13369], [13369], [13369], [13369], [13369], [13369], [13369], [13369], [13371], [13379], [13381], [13387], [13391], [13391], [13393], [13399], [13399], [13399], [13399], [13399], [13399], [13399], [13399], [13399], [13399], [13399], [13399], [13399], [13399], [13399], [13399], [13399], [13403], [13405], [13409], [13413], [13415], [13417], [13417], [13419], [13421], [13423], [13427], [13427], [13427], [13427], [13427], [13427], [13427], [13427], [13427], [13427], [13427], [13427], [13427], [13427], [13427], [13427], [13427], [13427], [13427], [13427], [13427]]
GPU utilization values (%): [[12], [10], [12], [8], [12], [11], [10], [10], [10], [11], [12], [11], [11], [12], [12], [11], [12], [12], [11], [13], [11], [11], [11], [12], [10], [11], [11], [11], [11], [12], [13], [11], [9], [13], [10], [12], [13], [11], [11], [12], [12], [12], [11], [11], [12], [12], [11], [12], [11], [10], [12], [11], [12], [12], [10], [12], [11], [13], [10], [10], [12], [11], [11], [11], [11], [13], [12], [12], [9], [12], [11], [11], [12], [12], [12], [11], [11], [12], [11], [12], [11], [12], [10], [13], [12], [13], [12], [11], [11], [11], [11], [12], [12], [12], [12], [12], [10], [13], [12], [11], [12], [11], [12], [10], [12], [12], [12], [11], [12], [12], [12], [11], [12], [9], [11], [10], [11], [11], [12], [13], [12], [13], [13], [12], [12], [11], [10], [11], [10], [12], [12], [11], [12], [13], [12], [12], [10], [11], [12], [12], [12], [9], [9], [12], [13], [13], [13], [12], [10], [11], [11], [12], [12], [12], [11], [11], [12], [11], [11], [13], [13], [11], [11], [13], [13], [9], [13], [11], [11], [11], [12], [11], [12], [11], [13], [13], [11], [11], [11], [12], [11], [11], [11], [11], [11], [12], [12], [12], [12], [13], [13], [13], [11], [12], [12], [11], [11], [11], [12], [12], [11], [12], [12], [12], [13], [12], [11], [13], [12], [12], [10], [12], [13], [11], [11], [12], [12], [11], [12], [11], [11], [13], [13], [11], [13], [11], [12], [12], [12], [11], [12], [12]]
Power draw values (W): [[93.61], [95.26], [93.35], [93.88], [94.25], [94.01], [94.89], [93.74], [94.34], [93.95], [93.86], [94.5], [94.19], [94.64], [94.59], [94.17], [94.67], [94.24], [95.16], [94.19], [94.87], [94.99], [94.42], [94.45], [94.3], [95.01], [94.54], [94.3], [93.97], [94.73], [95.0], [94.48], [94.11], [94.76], [93.93], [95.02], [93.99], [94.57], [94.05], [94.5], [95.07], [94.46], [94.65], [94.02], [94.38], [94.91], [93.86], [94.98], [94.55], [94.78], [94.54], [93.77], [94.82], [94.48], [94.2], [94.65], [94.45], [94.37], [93.99], [94.59], [94.22], [94.81], [94.22], [94.37], [94.55], [94.58], [94.55], [94.45], [94.78], [94.63], [94.78], [95.1], [94.36], [94.87], [94.61], [94.03], [94.78], [94.17], [94.98], [94.28], [94.83], [94.96], [94.71], [94.48], [94.68], [94.77], [94.78], [94.69], [94.74], [94.31], [94.62], [94.75], [94.83], [94.65], [94.52], [94.48], [95.24], [94.79], [94.5], [93.89], [95.08], [94.15], [94.02], [94.5], [93.74], [94.5], [95.17], [94.42], [94.69], [94.06], [94.81], [94.53], [94.13], [94.29], [95.09], [94.36], [94.52], [94.37], [94.23], [94.66], [94.57], [94.49], [94.72], [94.83], [94.1], [94.65], [94.5], [94.1], [94.17], [95.19], [94.45], [94.27], [94.77], [94.89], [94.92], [94.82], [94.03], [94.29], [94.54], [95.0], [94.68], [94.02], [94.05], [94.38], [94.59], [94.25], [95.28], [94.54], [94.55], [94.91], [94.87], [94.61], [95.11], [94.63], [94.19], [94.88], [94.6], [94.32], [94.62], [95.24], [94.91], [94.84], [94.22], [95.0], [94.48], [95.24], [94.65], [94.42], [94.93], [94.18], [94.2], [94.86], [95.1], [95.3], [94.24], [94.73], [94.7], [94.23], [94.47], [94.65], [94.61], [94.65], [94.12], [94.61], [94.51], [94.42], [95.33], [94.89], [95.14], [94.18], [95.36], [94.17], [94.35], [95.29], [94.46], [94.45], [94.84], [94.61], [95.02], [94.52], [94.72], [95.08], [94.82], [95.19], [94.82], [95.04], [94.86], [94.61], [94.53], [93.99], [94.09], [94.82], [94.71], [94.27], [93.87], [94.08], [94.64], [94.5], [94.83], [93.94], [94.67], [94.74], [94.06], [93.94], [94.55], [94.25], [93.92], [94.17], [94.28], [94.07], [94.0], [94.79]]

prompt9 of the 10 requests: 
Time taken for comparisons: 344.11285471497104 seconds.
 Starttime: 2026-04-07 15:06:10.991975 Endtime: 2026-04-07 15:11:55.104015
With GPU memory usage values (MiB): [[13181], [13181], [13181], [13181], [13181], [13181], [13181], [13181], [13181], [13181], [13185], [13185], [13185], [13185], [13187], [13191], [13191], [13193], [13193], [13193], [13195], [13195], [13197], [13197], [13197], [13199], [13201], [13201], [13203], [13205], [13205], [13207], [13207], [13209], [13209], [13211], [13211], [13215], [13215], [13217], [13219], [13219], [13219], [13221], [13223], [13223], [13225], [13227], [13227], [13229], [13231], [13231], [13233], [13233], [13233], [13233], [13235], [13235], [13239], [13239], [13239], [13241], [13241], [13243], [13245], [13245], [13247], [13249], [13249], [13251], [13251], [13253], [13255], [13255], [13257], [13257], [13259], [13261], [13261], [13261], [13263], [13263], [13267], [13267], [13269], [13271], [13271], [13273], [13273], [13273], [13275], [13275], [13277], [13277], [13281], [13283], [13283], [13285], [13285], [13285], [13287], [13289], [13289], [13291], [13291], [13291], [13293], [13297], [13297], [13299], [13299], [13299], [13301], [13303], [13303], [13305], [13307], [13309], [13309], [13309], [13311], [13313], [13313], [13315], [13319], [13319], [13321], [13321], [13321], [13323], [13323], [13327], [13327], [13329], [13331], [13333], [13333], [13335], [13335], [13335], [13335], [13337], [13337], [13337], [13339], [13341], [13343], [13345], [13347], [13347], [13349], [13349], [13351], [13351], [13351], [13351], [13351], [13353], [13353], [13353], [13359], [13361], [13363], [13365], [13365], [13365], [13367], [13369], [13369], [13369], [13369], [13369], [13369], [13369], [13369], [13369], [13369], [13369], [13373], [13379], [13381], [13387], [13391], [13391], [13393], [13399], [13399], [13399], [13399], [13399], [13399], [13399], [13399], [13399], [13399], [13399], [13399], [13399], [13399], [13399], [13399], [13399], [13403], [13407], [13413], [13415], [13417], [13417], [13419], [13421], [13423], [13427], [13427], [13427], [13427], [13427], [13427], [13427], [13427], [13427], [13427], [13427], [13427], [13427], [13427], [13427], [13427], [13427], [13427], [13427], [13427], [13427], [13427]]
GPU utilization values (%): [[13], [10], [6], [8], [12], [11], [12], [11], [12], [11], [10], [11], [11], [12], [11], [11], [12], [10], [12], [12], [12], [11], [12], [12], [12], [12], [11], [10], [12], [12], [12], [12], [11], [12], [12], [11], [12], [11], [11], [11], [11], [11], [12], [12], [12], [11], [11], [10], [12], [10], [12], [11], [12], [12], [10], [12], [13], [13], [10], [11], [8], [12], [11], [11], [12], [12], [11], [12], [12], [12], [13], [11], [11], [12], [12], [11], [11], [13], [11], [11], [13], [10], [12], [12], [13], [12], [11], [11], [11], [11], [11], [12], [11], [12], [12], [10], [13], [12], [11], [10], [11], [12], [11], [12], [11], [13], [10], [12], [12], [12], [6], [11], [9], [11], [10], [12], [11], [12], [13], [12], [13], [11], [12], [12], [13], [12], [12], [10], [10], [12], [10], [12], [11], [11], [11], [11], [13], [12], [11], [13], [12], [10], [11], [11], [11], [11], [12], [11], [11], [12], [13], [11], [11], [11], [10], [12], [11], [11], [11], [12], [12], [12], [11], [11], [12], [11], [13], [13], [10], [12], [12], [10], [11], [12], [9], [11], [11], [11], [12], [13], [12], [11], [11], [11], [12], [11], [11], [12], [12], [10], [13], [11], [11], [12], [12], [12], [13], [11], [12], [11], [11], [12], [11], [13], [13], [12], [12], [13], [12], [12], [10], [12], [11], [11], [11], [11], [11], [13], [12], [12], [13], [12], [11], [11], [12], [11], [11], [12], [13], [12], [11], [12], [13]]
Power draw values (W): [[93.61], [95.26], [93.35], [93.72], [94.0], [95.24], [94.01], [94.71], [94.08], [94.35], [94.26], [94.33], [94.74], [94.34], [94.43], [94.91], [94.49], [94.72], [94.4], [94.85], [94.59], [94.41], [94.53], [94.5], [94.7], [94.95], [94.53], [93.84], [93.74], [94.89], [94.93], [94.32], [94.25], [94.36], [94.14], [94.87], [94.08], [94.63], [94.05], [94.61], [94.6], [94.99], [94.95], [95.18], [94.15], [94.39], [94.02], [95.14], [94.54], [94.41], [94.54], [93.77], [94.82], [94.29], [94.24], [94.67], [94.3], [94.52], [94.11], [94.54], [94.18], [95.23], [94.21], [93.85], [94.37], [94.66], [94.43], [94.48], [94.9], [94.89], [94.54], [94.75], [94.14], [94.62], [94.81], [94.41], [94.73], [95.06], [94.72], [94.58], [94.68], [94.71], [94.48], [94.71], [94.77], [94.64], [94.79], [94.54], [94.28], [94.58], [95.0], [94.6], [94.7], [94.52], [94.74], [95.24], [94.79], [94.5], [94.11], [95.05], [93.78], [93.93], [94.6], [93.73], [94.67], [94.64], [94.67], [94.37], [93.92], [94.69], [94.56], [94.13], [94.29], [94.93], [94.5], [94.5], [94.37], [94.56], [94.66], [94.34], [94.53], [94.55], [94.56], [94.79], [94.5], [95.12], [94.7], [94.26], [94.17], [95.32], [94.55], [94.06], [94.94], [94.59], [94.87], [94.49], [94.88], [94.21], [94.44], [95.15], [94.76], [94.45], [94.32], [94.12], [94.31], [94.05], [94.24], [95.22], [94.78], [94.74], [94.94], [94.86], [94.74], [94.81], [94.65], [94.49], [94.66], [94.27], [94.37], [94.74], [95.08], [94.62], [94.55], [94.09], [94.91], [94.36], [94.92], [94.67], [94.44], [94.83], [94.74], [94.14], [94.76], [94.84], [94.18], [94.61], [94.43], [94.82], [94.29], [94.57], [94.65], [94.61], [94.65], [94.12], [94.34], [94.61], [94.51], [95.07], [94.9], [93.94], [95.33], [93.71], [94.78], [95.11], [94.68], [94.84], [94.37], [94.68], [94.96], [95.03], [94.82], [94.94], [94.8], [94.7], [94.9], [95.04], [94.6], [94.61], [94.53], [93.93], [94.09], [94.82], [94.43], [94.41], [93.79], [94.58], [94.61], [94.4], [94.91], [93.81], [94.6], [94.47], [94.23], [94.38], [94.2], [94.32], [94.32], [94.54], [94.5], [94.16], [93.77], [94.55], [93.87]]

prompt6 of the 10 requests: 
Time taken for comparisons: 345.47669293079525 seconds.
 Starttime: 2026-04-07 15:06:10.991331 Endtime: 2026-04-07 15:11:56.464891
With GPU memory usage values (MiB): [[13181], [13181], [13181], [13181], [13181], [13181], [13181], [13181], [13181], [13181], [13183], [13185], [13185], [13185], [13187], [13189], [13191], [13193], [13193], [13193], [13195], [13195], [13195], [13197], [13197], [13197], [13201], [13201], [13201], [13203], [13205], [13207], [13207], [13207], [13209], [13209], [13211], [13211], [13215], [13217], [13217], [13219], [13219], [13221], [13223], [13223], [13225], [13225], [13227], [13227], [13229], [13231], [13231], [13233], [13233], [13233], [13235], [13235], [13239], [13239], [13239], [13239], [13241], [13243], [13245], [13245], [13245], [13247], [13249], [13251], [13251], [13253], [13255], [13255], [13257], [13257], [13259], [13259], [13261], [13261], [13261], [13263], [13263], [13267], [13267], [13269], [13271], [13271], [13273], [13273], [13275], [13275], [13275], [13277], [13281], [13281], [13283], [13285], [13285], [13285], [13285], [13289], [13289], [13289], [13291], [13291], [13293], [13295], [13297], [13297], [13299], [13299], [13299], [13301], [13303], [13303], [13305], [13307], [13309], [13309], [13309], [13311], [13311], [13313], [13315], [13319], [13319], [13321], [13321], [13321], [13323], [13323], [13327], [13327], [13329], [13331], [13333], [13333], [13335], [13335], [13335], [13335], [13337], [13337], [13337], [13339], [13341], [13345], [13345], [13347], [13349], [13349], [13349], [13351], [13351], [13351], [13351], [13351], [13353], [13353], [13353], [13359], [13361], [13363], [13365], [13365], [13367], [13369], [13369], [13369], [13369], [13369], [13369], [13369], [13369], [13369], [13369], [13369], [13371], [13379], [13381], [13387], [13391], [13391], [13393], [13399], [13399], [13399], [13399], [13399], [13399], [13399], [13399], [13399], [13399], [13399], [13399], [13399], [13399], [13399], [13399], [13399], [13403], [13407], [13411], [13415], [13415], [13417], [13417], [13419], [13421], [13423], [13427], [13427], [13427], [13427], [13427], [13427], [13427], [13427], [13427], [13427], [13427], [13427], [13427], [13427], [13427], [13427], [13427], [13427], [13427], [13427], [13427], [13427], [13427]]
GPU utilization values (%): [[13], [14], [12], [11], [11], [12], [11], [11], [10], [10], [12], [12], [11], [11], [10], [13], [12], [10], [11], [12], [12], [9], [12], [13], [13], [10], [12], [11], [11], [12], [12], [12], [13], [9], [13], [10], [12], [13], [11], [10], [12], [12], [12], [10], [10], [12], [11], [12], [11], [12], [11], [13], [10], [12], [12], [10], [10], [11], [11], [11], [11], [11], [10], [10], [12], [13], [12], [13], [9], [11], [12], [9], [10], [11], [12], [11], [10], [12], [12], [11], [11], [12], [12], [12], [12], [13], [13], [12], [11], [11], [13], [12], [11], [12], [10], [11], [12], [11], [11], [12], [12], [11], [12], [12], [11], [11], [11], [12], [11], [12], [13], [11], [12], [9], [13], [10], [11], [12], [12], [11], [12], [13], [13], [11], [12], [12], [11], [12], [11], [10], [12], [12], [12], [11], [12], [11], [10], [13], [12], [11], [13], [12], [10], [11], [12], [13], [13], [13], [11], [11], [11], [11], [12], [12], [11], [11], [10], [12], [11], [11], [12], [11], [11], [11], [9], [13], [9], [11], [11], [12], [13], [12], [12], [13], [11], [13], [11], [11], [11], [11], [12], [11], [11], [11], [12], [11], [11], [12], [13], [11], [12], [11], [10], [12], [10], [12], [10], [11], [11], [12], [12], [10], [11], [11], [12], [11], [11], [11], [10], [13], [12], [10], [12], [11], [11], [11], [11], [11], [13], [12], [12], [12], [12], [11], [13], [11], [13], [13], [12], [12], [12], [11], [12], [13], [13]]
Power draw values (W): [[93.52], [95.26], [94.19], [94.03], [94.09], [95.18], [93.85], [94.6], [93.78], [94.4], [93.95], [93.93], [94.55], [94.2], [94.6], [94.91], [94.12], [94.71], [94.38], [94.93], [94.25], [95.06], [94.91], [94.42], [94.37], [94.31], [94.89], [94.06], [94.26], [94.46], [94.58], [95.16], [94.57], [94.11], [94.77], [93.93], [94.75], [94.18], [94.29], [94.23], [94.5], [95.1], [94.45], [94.72], [93.9], [94.24], [95.0], [93.81], [94.87], [94.52], [94.81], [94.64], [94.03], [94.6], [94.6], [94.62], [94.35], [93.84], [94.02], [94.7], [94.83], [95.16], [94.41], [94.22], [94.24], [94.58], [94.55], [94.45], [94.76], [94.78], [94.71], [94.79], [93.98], [94.82], [94.55], [94.03], [94.66], [94.4], [94.87], [94.25], [94.65], [94.96], [95.05], [94.48], [94.71], [94.77], [94.78], [94.6], [94.47], [94.1], [94.58], [94.73], [94.71], [94.25], [94.5], [94.55], [94.89], [94.56], [94.69], [94.63], [94.62], [93.87], [93.69], [94.24], [93.99], [94.0], [95.04], [94.16], [94.63], [94.44], [95.01], [94.53], [93.93], [94.42], [94.93], [94.36], [94.91], [94.14], [94.58], [94.06], [94.68], [94.73], [94.54], [94.43], [94.83], [94.1], [94.65], [94.5], [94.17], [94.06], [95.07], [94.57], [94.27], [94.77], [94.65], [94.8], [94.49], [94.96], [94.21], [94.4], [95.15], [94.56], [94.42], [94.05], [94.38], [94.59], [94.25], [95.28], [94.32], [94.15], [95.02], [95.04], [94.7], [94.77], [94.82], [94.56], [94.49], [94.41], [94.43], [94.37], [94.74], [95.1], [94.84], [94.22], [95.0], [94.48], [94.97], [94.35], [94.66], [94.94], [94.83], [94.98], [94.39], [94.46], [95.37], [94.28], [94.74], [94.62], [94.35], [94.47], [94.65], [94.54], [94.65], [94.12], [94.56], [94.62], [94.52], [95.07], [94.9], [93.89], [95.24], [93.93], [95.09], [94.23], [95.21], [94.37], [94.45], [94.84], [94.53], [95.11], [94.78], [94.87], [94.58], [95.07], [94.75], [94.62], [94.85], [94.84], [94.87], [94.37], [93.99], [94.09], [94.82], [94.43], [94.48], [93.79], [94.58], [94.53], [94.4], [94.91], [94.02], [94.61], [94.61], [94.82], [93.92], [93.94], [94.58], [94.2], [94.32], [94.5], [94.16], [93.77], [94.55], [93.96], [94.51]]

prompt5 of the 10 requests: 
Time taken for comparisons: 378.16356324311346 seconds.
 Starttime: 2026-04-07 15:06:10.990977 Endtime: 2026-04-07 15:12:29.153586
With GPU memory usage values (MiB): [[13181], [13181], [13181], [13181], [13181], [13181], [13181], [13181], [13181], [13181], [13183], [13185], [13185], [13187], [13187], [13191], [13191], [13193], [13193], [13193], [13195], [13195], [13197], [13197], [13197], [13199], [13201], [13201], [13203], [13205], [13207], [13207], [13207], [13209], [13209], [13211], [13211], [13215], [13215], [13217], [13219], [13219], [13221], [13221], [13223], [13225], [13225], [13227], [13227], [13229], [13229], [13231], [13231], [13233], [13233], [13233], [13235], [13235], [13239], [13239], [13239], [13241], [13241], [13243], [13245], [13245], [13245], [13247], [13249], [13251], [13251], [13251], [13253], [13255], [13255], [13257], [13257], [13259], [13261], [13261], [13261], [13263], [13263], [13267], [13267], [13269], [13271], [13271], [13273], [13273], [13273], [13275], [13275], [13277], [13277], [13281], [13283], [13283], [13285], [13285], [13285], [13287], [13289], [13289], [13289], [13291], [13291], [13293], [13297], [13297], [13299], [13299], [13299], [13299], [13301], [13303], [13303], [13305], [13307], [13309], [13309], [13309], [13311], [13313], [13313], [13315], [13319], [13319], [13321], [13321], [13321], [13323], [13323], [13327], [13327], [13329], [13331], [13333], [13335], [13335], [13335], [13335], [13335], [13337], [13337], [13337], [13337], [13339], [13343], [13345], [13347], [13347], [13349], [13349], [13351], [13351], [13351], [13351], [13351], [13353], [13353], [13353], [13359], [13359], [13363], [13363], [13365], [13365], [13367], [13369], [13369], [13369], [13369], [13369], [13369], [13369], [13369], [13369], [13369], [13369], [13379], [13381], [13387], [13391], [13391], [13393], [13395], [13399], [13399], [13399], [13399], [13399], [13399], [13399], [13399], [13399], [13399], [13399], [13399], [13399], [13399], [13399], [13399], [13399], [13403], [13407], [13413], [13415], [13417], [13417], [13419], [13419], [13421], [13427], [13427], [13427], [13427], [13427], [13427], [13427], [13427], [13427], [13427], [13427], [13427], [13427], [13427], [13427], [13427], [13427], [13427], [13427], [13427], [13427], [13427], [13427], [13427], [13427], [13427], [13427], [13427], [13427], [13427], [13427], [13427], [13427], [13427], [13427], [13427], [13427], [13427], [13427], [13427], [13427], [13427], [13427], [13427], [13427], [13427], [13427], [13427], [13427], [13427], [13427], [13427]]
GPU utilization values (%): [[13], [14], [12], [11], [11], [11], [12], [11], [12], [11], [10], [13], [11], [11], [12], [11], [12], [10], [12], [12], [12], [11], [13], [12], [12], [12], [11], [10], [12], [12], [12], [11], [11], [13], [12], [12], [13], [11], [11], [11], [11], [11], [11], [12], [12], [11], [10], [13], [12], [11], [11], [11], [12], [12], [13], [11], [10], [12], [11], [11], [11], [12], [13], [10], [12], [13], [12], [12], [9], [12], [11], [12], [12], [10], [12], [11], [13], [12], [12], [11], [11], [11], [10], [13], [12], [11], [12], [12], [11], [12], [9], [11], [11], [11], [11], [12], [12], [11], [13], [12], [11], [12], [12], [13], [11], [11], [11], [11], [12], [11], [12], [13], [11], [12], [12], [13], [10], [12], [10], [12], [11], [10], [11], [11], [13], [12], [12], [11], [10], [11], [10], [12], [10], [12], [11], [12], [11], [12], [12], [12], [11], [13], [12], [10], [11], [11], [11], [11], [11], [11], [11], [12], [13], [12], [11], [11], [10], [12], [11], [11], [11], [11], [12], [11], [11], [9], [9], [12], [12], [13], [11], [13], [12], [11], [11], [12], [9], [11], [11], [13], [11], [10], [11], [11], [12], [12], [10], [11], [10], [12], [12], [10], [13], [11], [12], [12], [11], [11], [11], [12], [11], [12], [11], [12], [11], [13], [13], [11], [12], [11], [12], [11], [11], [12], [12], [10], [12], [12], [11], [12], [12], [10], [12], [12], [13], [11], [13], [12], [12], [11], [11], [13], [12], [12], [13], [13], [13], [12], [12], [12], [12], [12], [12], [12], [12], [12], [12], [12], [12], [12], [12], [12], [12], [13], [13], [13], [13], [12], [12], [12], [13], [13], [12], [12], [12]]
Power draw values (W): [[93.52], [95.17], [94.19], [93.98], [94.25], [95.31], [93.85], [94.6], [93.88], [94.35], [94.36], [94.21], [94.43], [95.11], [94.55], [94.96], [94.49], [94.72], [94.4], [94.85], [94.87], [94.41], [94.53], [94.5], [94.7], [94.95], [94.53], [93.84], [93.74], [95.07], [95.0], [94.48], [94.28], [94.41], [93.93], [95.02], [93.99], [94.63], [94.05], [94.65], [94.79], [94.44], [94.88], [95.33], [94.29], [94.46], [93.96], [94.94], [94.2], [94.56], [94.69], [94.68], [94.23], [94.49], [94.64], [94.67], [94.35], [94.12], [93.65], [94.7], [94.66], [95.1], [94.81], [94.22], [94.24], [94.58], [94.55], [94.37], [94.78], [94.63], [94.76], [95.19], [94.4], [95.04], [94.81], [94.92], [94.87], [94.52], [95.38], [94.62], [94.58], [94.56], [94.71], [94.48], [94.71], [95.03], [94.37], [94.42], [94.74], [94.25], [94.17], [94.61], [94.72], [94.71], [94.59], [94.78], [95.09], [94.83], [94.31], [94.28], [95.13], [94.4], [94.28], [94.59], [93.78], [94.16], [94.39], [94.54], [94.16], [94.36], [94.6], [95.06], [94.53], [94.13], [94.29], [95.09], [94.36], [94.7], [94.22], [94.56], [94.66], [93.91], [94.55], [94.29], [94.63], [94.98], [94.21], [94.83], [94.5], [94.1], [94.17], [95.32], [94.57], [94.26], [94.93], [94.89], [94.69], [94.28], [94.71], [94.29], [94.4], [95.15], [94.76], [94.42], [94.32], [94.12], [94.31], [94.13], [94.44], [95.42], [94.7], [94.74], [94.94], [94.86], [94.74], [94.81], [94.65], [94.49], [94.66], [94.27], [94.24], [94.68], [95.41], [94.54], [94.66], [94.35], [95.0], [94.48], [94.94], [94.64], [94.51], [94.96], [94.38], [94.14], [94.7], [94.84], [94.18], [94.71], [94.63], [94.37], [94.47], [94.51], [94.43], [94.44], [94.31], [94.86], [94.29], [94.53], [94.51], [95.07], [95.16], [93.9], [95.38], [93.92], [94.21], [95.42], [94.72], [94.94], [94.49], [94.8], [95.03], [95.13], [94.82], [94.81], [94.76], [94.67], [94.82], [94.91], [94.84], [94.57], [95.04], [93.99], [94.24], [94.35], [94.51], [94.77], [94.34], [94.32], [94.24], [94.3], [94.73], [93.91], [94.33], [94.69], [94.75], [94.19], [94.18], [94.36], [94.21], [94.18], [94.12], [94.54], [94.11], [93.72], [94.54], [93.96], [94.51], [94.52], [94.11], [94.45], [94.3], [94.49], [94.3], [94.59], [94.67], [94.89], [94.42], [94.91], [94.89], [94.95], [94.85], [94.84], [94.59], [94.74], [95.04], [94.33], [94.89], [94.52], [94.71], [94.69], [94.46], [94.5], [94.87], [94.67], [94.53]]

prompt7 of the 10 requests: 
Time taken for comparisons: 381.46288874419406 seconds.
 Starttime: 2026-04-07 15:06:10.991546 Endtime: 2026-04-07 15:12:32.453915
With GPU memory usage values (MiB): [[13181], [13181], [13181], [13181], [13181], [13181], [13181], [13181], [13181], [13181], [13185], [13185], [13185], [13187], [13187], [13191], [13191], [13193], [13193], [13193], [13195], [13195], [13197], [13197], [13197], [13199], [13201], [13201], [13203], [13205], [13205], [13207], [13207], [13207], [13209], [13209], [13211], [13211], [13215], [13217], [13217], [13219], [13219], [13221], [13223], [13223], [13225], [13227], [13227], [13227], [13229], [13231], [13231], [13233], [13233], [13233], [13235], [13235], [13237], [13239], [13239], [13239], [13241], [13241], [13243], [13245], [13245], [13247], [13249], [13251], [13251], [13251], [13253], [13255], [13255], [13257], [13257], [13259], [13261], [13261], [13261], [13261], [13263], [13265], [13267], [13267], [13269], [13271], [13271], [13273], [13273], [13275], [13275], [13277], [13277], [13281], [13281], [13283], [13285], [13285], [13285], [13285], [13289], [13289], [13289], [13291], [13291], [13293], [13295], [13297], [13297], [13299], [13299], [13299], [13301], [13303], [13303], [13305], [13307], [13309], [13309], [13309], [13311], [13313], [13315], [13317], [13319], [13321], [13321], [13321], [13323], [13323], [13325], [13327], [13327], [13329], [13333], [13333], [13335], [13335], [13335], [13335], [13335], [13337], [13337], [13337], [13339], [13341], [13345], [13345], [13347], [13349], [13349], [13351], [13351], [13351], [13351], [13351], [13353], [13353], [13353], [13359], [13359], [13363], [13365], [13365], [13365], [13367], [13369], [13369], [13369], [13369], [13369], [13369], [13369], [13369], [13369], [13369], [13369], [13373], [13379], [13381], [13387], [13391], [13391], [13393], [13399], [13399], [13399], [13399], [13399], [13399], [13399], [13399], [13399], [13399], [13399], [13399], [13399], [13399], [13399], [13399], [13401], [13403], [13409], [13413], [13415], [13417], [13417], [13419], [13419], [13423], [13427], [13427], [13427], [13427], [13427], [13427], [13427], [13427], [13427], [13427], [13427], [13427], [13427], [13427], [13427], [13427], [13427], [13427], [13427], [13427], [13427], [13427], [13427], [13427], [13427], [13427], [13427], [13427], [13427], [13427], [13427], [13427], [13427], [13427], [13427], [13427], [13427], [13427], [13427], [13427], [13427], [13427], [13427], [13427], [13427], [13427], [13427], [13427], [13427], [13427], [13427], [13427], [13427], [13427], [13427]]
GPU utilization values (%): [[12], [10], [12], [11], [11], [11], [10], [12], [11], [12], [11], [12], [11], [12], [12], [11], [12], [11], [11], [11], [11], [11], [11], [12], [12], [12], [11], [11], [12], [10], [11], [12], [11], [11], [12], [12], [12], [11], [11], [11], [12], [12], [12], [11], [10], [11], [11], [12], [11], [12], [11], [13], [10], [12], [12], [10], [12], [12], [11], [10], [11], [11], [12], [11], [11], [11], [12], [12], [10], [12], [11], [12], [12], [12], [12], [12], [11], [11], [12], [10], [11], [11], [11], [12], [12], [11], [13], [13], [10], [12], [9], [11], [11], [11], [11], [11], [11], [12], [11], [11], [12], [11], [11], [10], [11], [11], [11], [11], [12], [11], [12], [13], [11], [12], [9], [11], [10], [12], [11], [12], [13], [12], [13], [10], [12], [11], [12], [13], [11], [12], [11], [11], [12], [12], [12], [12], [12], [12], [11], [12], [11], [11], [11], [12], [9], [12], [13], [13], [13], [12], [12], [13], [11], [11], [11], [10], [10], [12], [11], [11], [12], [12], [12], [11], [12], [12], [12], [12], [13], [10], [13], [12], [11], [11], [12], [9], [11], [12], [11], [11], [11], [13], [11], [11], [11], [12], [11], [11], [12], [12], [10], [13], [13], [12], [12], [13], [11], [11], [12], [12], [12], [12], [12], [11], [11], [13], [12], [12], [11], [11], [10], [11], [11], [11], [13], [12], [12], [11], [12], [12], [13], [11], [11], [12], [11], [13], [12], [12], [11], [11], [12], [12], [12], [13], [13], [13], [12], [12], [12], [12], [12], [12], [12], [12], [12], [12], [12], [12], [12], [12], [12], [12], [13], [13], [12], [12], [12], [13], [12], [13], [13], [12], [13], [12], [13], [13], [14]]
Power draw values (W): [[93.61], [95.26], [93.35], [93.88], [94.74], [94.01], [94.77], [93.82], [94.63], [93.92], [94.44], [94.74], [94.46], [95.03], [94.16], [94.75], [94.24], [94.26], [95.24], [94.13], [94.88], [94.76], [94.35], [94.21], [94.6], [95.05], [94.53], [93.84], [93.72], [94.85], [94.67], [94.48], [94.81], [93.71], [95.03], [93.97], [94.75], [94.18], [94.29], [94.23], [94.5], [95.1], [94.46], [94.65], [93.9], [93.94], [95.0], [94.15], [94.89], [94.61], [94.66], [94.64], [94.03], [94.6], [94.65], [94.5], [94.37], [94.13], [94.27], [94.2], [94.72], [94.52], [95.02], [94.21], [94.01], [94.33], [94.57], [94.37], [94.6], [94.77], [94.87], [94.36], [94.68], [94.17], [94.65], [94.97], [94.41], [94.73], [95.06], [94.76], [94.3], [94.16], [94.96], [95.15], [94.57], [94.71], [94.65], [94.73], [94.78], [94.42], [94.17], [94.75], [94.63], [94.39], [94.38], [94.58], [94.55], [94.89], [94.56], [94.69], [94.49], [94.59], [94.17], [93.9], [93.89], [94.12], [94.01], [94.93], [94.24], [94.74], [94.41], [94.94], [94.53], [93.93], [94.29], [95.09], [94.36], [94.52], [94.62], [94.23], [94.66], [94.57], [94.39], [94.63], [94.85], [94.44], [94.71], [94.82], [94.4], [94.28], [94.4], [94.86], [94.13], [94.32], [94.83], [95.08], [94.83], [94.8], [94.25], [94.35], [94.76], [94.4], [94.74], [94.1], [94.36], [94.65], [94.63], [94.27], [95.13], [94.54], [94.74], [94.86], [94.86], [94.74], [94.63], [94.65], [94.49], [94.41], [94.27], [94.37], [94.74], [95.13], [94.51], [94.67], [94.22], [94.75], [94.36], [94.94], [94.65], [94.51], [94.83], [94.38], [94.14], [94.76], [94.72], [94.18], [94.57], [94.54], [94.31], [94.44], [94.64], [94.76], [94.61], [94.65], [94.32], [94.34], [94.61], [94.51], [95.07], [94.83], [93.94], [95.33], [93.92], [94.35], [95.29], [94.56], [94.69], [94.66], [94.45], [95.08], [94.72], [94.42], [94.81], [94.76], [94.7], [94.82], [95.04], [95.04], [94.26], [94.77], [93.97], [94.36], [94.41], [93.94], [94.87], [94.37], [94.25], [93.95], [94.48], [94.66], [94.53], [94.0], [94.67], [94.79], [94.19], [94.29], [94.37], [94.23], [94.18], [94.18], [94.89], [94.18], [93.99], [94.64], [93.96], [94.51], [94.52], [94.11], [94.6], [94.3], [94.49], [94.3], [94.59], [94.67], [94.89], [94.42], [94.93], [94.76], [94.85], [94.83], [94.72], [94.4], [94.88], [94.86], [94.29], [94.7], [94.7], [94.62], [94.83], [94.56], [94.28], [94.54], [94.74], [94.42], [94.47], [94.91], [95.05]]

prompt1 of the 10 requests: 
Time taken for comparisons: 401.10688925208524 seconds.
 Starttime: 2026-04-07 15:06:10.989962 Endtime: 2026-04-07 15:12:52.096184
With GPU memory usage values (MiB): [[13181], [13181], [13181], [13181], [13181], [13181], [13181], [13181], [13181], [13181], [13185], [13185], [13185], [13187], [13187], [13191], [13191], [13193], [13193], [13193], [13195], [13195], [13197], [13197], [13197], [13201], [13201], [13201], [13205], [13205], [13207], [13207], [13207], [13209], [13209], [13211], [13213], [13215], [13217], [13217], [13219], [13219], [13221], [13223], [13223], [13225], [13227], [13227], [13229], [13231], [13231], [13233], [13233], [13233], [13233], [13235], [13235], [13239], [13239], [13239], [13241], [13241], [13243], [13245], [13245], [13247], [13249], [13249], [13251], [13251], [13253], [13255], [13255], [13257], [13257], [13259], [13261], [13261], [13261], [13263], [13263], [13265], [13267], [13269], [13269], [13271], [13271], [13273], [13273], [13275], [13275], [13277], [13277], [13281], [13281], [13283], [13285], [13285], [13285], [13285], [13289], [13289], [13289], [13291], [13291], [13293], [13297], [13297], [13299], [13299], [13299], [13301], [13301], [13303], [13303], [13305], [13307], [13309], [13309], [13309], [13311], [13311], [13313], [13315], [13319], [13319], [13321], [13321], [13321], [13323], [13323], [13327], [13327], [13329], [13333], [13333], [13335], [13335], [13335], [13335], [13335], [13337], [13337], [13337], [13341], [13343], [13345], [13347], [13347], [13349], [13349], [13351], [13351], [13351], [13351], [13351], [13353], [13353], [13355], [13359], [13363], [13363], [13365], [13365], [13367], [13367], [13369], [13369], [13369], [13369], [13369], [13369], [13369], [13369], [13369], [13369], [13369], [13379], [13381], [13385], [13391], [13391], [13393], [13393], [13399], [13399], [13399], [13399], [13399], [13399], [13399], [13399], [13399], [13399], [13399], [13399], [13399], [13399], [13399], [13399], [13399], [13403], [13407], [13411], [13415], [13415], [13417], [13417], [13419], [13421], [13423], [13427], [13427], [13427], [13427], [13427], [13427], [13427], [13427], [13427], [13427], [13427], [13427], [13427], [13427], [13427], [13427], [13427], [13427], [13427], [13427], [13427], [13427], [13427], [13427], [13427], [13427], [13427], [13427], [13427], [13427], [13427], [13427], [13427], [13427], [13427], [13427], [13427], [13427], [13427], [13427], [13427], [13427], [13427], [13427], [13427], [13427], [13427], [13427], [13427], [13427], [13427], [13427], [13427], [13427], [13427], [13427], [13427], [13427], [13427], [13427], [13427], [13427], [13427], [13427], [13427], [13427], [13427], [13427], [13427], [13427], [13427]]
GPU utilization values (%): [[12], [10], [12], [8], [11], [12], [10], [12], [11], [11], [11], [12], [12], [11], [12], [11], [12], [11], [11], [11], [11], [11], [11], [12], [10], [12], [10], [11], [10], [12], [12], [11], [12], [11], [12], [11], [12], [10], [10], [12], [12], [12], [10], [12], [11], [10], [13], [12], [12], [12], [11], [12], [12], [11], [11], [10], [10], [11], [11], [8], [12], [11], [11], [12], [11], [11], [12], [12], [11], [11], [12], [11], [12], [12], [11], [11], [13], [11], [11], [11], [11], [11], [12], [12], [11], [12], [10], [12], [11], [13], [12], [11], [12], [11], [11], [12], [11], [11], [12], [11], [12], [10], [11], [13], [11], [11], [12], [10], [11], [12], [11], [12], [13], [13], [10], [12], [10], [12], [11], [12], [11], [11], [11], [12], [13], [10], [10], [10], [10], [13], [12], [11], [12], [13], [12], [12], [11], [12], [13], [12], [10], [11], [11], [11], [11], [12], [11], [12], [13], [13], [11], [11], [11], [10], [12], [11], [11], [11], [13], [11], [11], [12], [11], [12], [12], [11], [11], [12], [12], [13], [10], [11], [12], [13], [11], [11], [11], [11], [11], [11], [12], [12], [13], [12], [11], [11], [12], [12], [11], [13], [12], [11], [12], [12], [11], [10], [12], [13], [12], [12], [10], [11], [11], [12], [11], [12], [11], [10], [13], [12], [11], [12], [13], [12], [11], [11], [12], [12], [11], [11], [13], [13], [11], [13], [12], [11], [12], [12], [12], [11], [12], [12], [11], [12], [12], [12], [12], [12], [12], [12], [12], [12], [13], [12], [12], [13], [12], [12], [12], [12], [12], [12], [13], [12], [12], [13], [12], [12], [11], [12], [12], [12], [13], [12], [13], [14], [13], [13], [13], [13], [13], [13], [13], [13], [13], [12], [13], [13], [13], [12], [13], [15]]
Power draw values (W): [[93.61], [95.26], [93.35], [93.88], [94.38], [94.01], [94.77], [93.82], [94.63], [93.9], [94.38], [94.71], [94.56], [95.16], [94.16], [94.75], [94.3], [94.26], [95.3], [94.13], [94.88], [94.76], [94.42], [94.45], [94.29], [94.89], [93.92], [93.97], [94.85], [94.67], [94.31], [94.27], [94.11], [94.47], [94.44], [94.54], [94.58], [94.29], [94.26], [94.54], [95.1], [94.45], [94.99], [94.1], [94.39], [94.21], [94.95], [94.25], [94.5], [94.59], [93.77], [94.97], [94.15], [94.47], [94.72], [94.3], [94.52], [93.99], [94.72], [94.52], [95.02], [94.21], [94.01], [94.37], [94.21], [94.16], [94.57], [94.9], [94.89], [94.42], [94.68], [94.0], [94.62], [94.81], [94.41], [94.65], [95.38], [94.67], [94.42], [94.43], [94.43], [94.71], [94.49], [95.15], [94.58], [94.71], [94.78], [94.48], [94.07], [94.66], [94.73], [94.71], [94.42], [94.44], [94.6], [94.89], [94.56], [94.69], [94.43], [94.62], [94.1], [94.27], [93.76], [94.23], [94.39], [94.54], [94.16], [93.91], [94.67], [94.7], [94.56], [94.03], [94.81], [95.09], [94.36], [94.7], [94.22], [94.61], [94.53], [94.52], [94.72], [94.53], [94.43], [94.71], [94.31], [94.83], [94.53], [94.1], [94.04], [95.19], [94.45], [94.27], [94.7], [95.01], [94.83], [94.8], [94.04], [94.44], [95.12], [94.49], [94.45], [94.32], [94.12], [94.31], [94.07], [94.61], [94.53], [94.55], [94.77], [94.94], [94.86], [94.74], [94.81], [94.56], [94.49], [94.41], [94.43], [94.23], [95.24], [94.99], [94.94], [94.5], [94.54], [94.65], [94.61], [94.66], [94.46], [94.42], [94.83], [94.86], [94.19], [94.46], [95.21], [94.18], [94.71], [94.63], [94.36], [94.6], [94.37], [94.43], [94.76], [94.81], [94.32], [94.34], [94.62], [94.52], [95.07], [94.83], [93.89], [95.3], [93.6], [94.8], [94.64], [95.11], [94.44], [94.43], [94.74], [94.63], [95.01], [94.85], [94.71], [94.58], [94.73], [94.85], [94.93], [94.91], [94.68], [94.87], [94.42], [93.72], [94.16], [94.82], [94.77], [94.37], [94.25], [94.19], [94.3], [94.58], [94.0], [94.22], [94.68], [94.79], [94.23], [94.18], [94.5], [94.25], [94.31], [94.34], [94.25], [93.83], [94.21], [94.19], [94.43], [94.98], [94.77], [94.32], [94.5], [94.19], [94.42], [94.22], [94.54], [95.15], [95.2], [94.56], [94.96], [94.82], [94.92], [94.75], [94.93], [94.58], [94.87], [94.79], [94.27], [95.01], [94.43], [94.65], [94.5], [94.5], [94.32], [95.08], [94.36], [94.37], [94.63], [95.03], [95.21], [95.31], [95.47], [95.24], [95.86], [95.0], [95.28], [95.33], [95.11], [95.16], [95.77], [95.35], [95.46], [95.64], [95.28], [95.55], [95.07], [95.36]]

prompt8 of the 10 requests: 
Time taken for comparisons: 409.3485295516439 seconds.
 Starttime: 2026-04-07 15:06:10.991774 Endtime: 2026-04-07 15:13:00.339960
With GPU memory usage values (MiB): [[13181], [13181], [13181], [13181], [13181], [13181], [13181], [13181], [13181], [13183], [13185], [13185], [13185], [13187], [13187], [13191], [13191], [13193], [13193], [13193], [13195], [13195], [13197], [13197], [13197], [13199], [13201], [13201], [13201], [13205], [13205], [13207], [13207], [13209], [13209], [13211], [13211], [13215], [13215], [13217], [13217], [13219], [13219], [13221], [13223], [13223], [13225], [13227], [13227], [13229], [13229], [13231], [13233], [13233], [13233], [13233], [13235], [13235], [13239], [13239], [13239], [13239], [13241], [13241], [13243], [13245], [13245], [13247], [13249], [13249], [13251], [13251], [13253], [13255], [13255], [13257], [13257], [13259], [13261], [13261], [13261], [13263], [13263], [13267], [13267], [13269], [13271], [13271], [13273], [13273], [13273], [13275], [13275], [13277], [13277], [13281], [13283], [13283], [13285], [13285], [13285], [13287], [13289], [13289], [13291], [13291], [13291], [13293], [13297], [13297], [13299], [13299], [13299], [13301], [13303], [13303], [13305], [13307], [13309], [13309], [13309], [13309], [13311], [13313], [13315], [13319], [13319], [13321], [13321], [13321], [13323], [13323], [13325], [13327], [13327], [13329], [13333], [13333], [13335], [13335], [13335], [13335], [13335], [13337], [13337], [13337], [13339], [13341], [13345], [13345], [13347], [13349], [13349], [13351], [13351], [13351], [13351], [13351], [13351], [13353], [13353], [13357], [13359], [13363], [13363], [13365], [13365], [13367], [13369], [13369], [13369], [13369], [13369], [13369], [13369], [13369], [13369], [13369], [13369], [13369], [13379], [13381], [13387], [13391], [13391], [13393], [13399], [13399], [13399], [13399], [13399], [13399], [13399], [13399], [13399], [13399], [13399], [13399], [13399], [13399], [13399], [13399], [13399], [13403], [13407], [13411], [13415], [13417], [13417], [13417], [13419], [13421], [13423], [13427], [13427], [13427], [13427], [13427], [13427], [13427], [13427], [13427], [13427], [13427], [13427], [13427], [13427], [13427], [13427], [13427], [13427], [13427], [13427], [13427], [13427], [13427], [13427], [13427], [13427], [13427], [13427], [13427], [13427], [13427], [13427], [13427], [13427], [13427], [13427], [13427], [13427], [13427], [13427], [13427], [13427], [13427], [13427], [13427], [13427], [13427], [13427], [13427], [13427], [13427], [13427], [13427], [13427], [13427], [13427], [13427], [13427], [13427], [13427], [13427], [13427], [13427], [13427], [13427], [13427], [13427], [13427], [13427], [13427], [13427], [13427], [13427], [13427], [13427], [13427], [13427]]
GPU utilization values (%): [[13], [10], [12], [8], [12], [11], [10], [11], [10], [12], [12], [12], [12], [11], [12], [11], [12], [11], [12], [12], [13], [13], [12], [12], [12], [12], [11], [11], [10], [10], [12], [12], [11], [12], [9], [11], [11], [11], [12], [11], [12], [11], [12], [12], [12], [12], [10], [13], [12], [11], [11], [11], [12], [11], [12], [11], [10], [11], [11], [12], [12], [14], [13], [12], [11], [11], [12], [12], [11], [12], [10], [12], [12], [12], [12], [12], [11], [11], [13], [11], [11], [11], [12], [13], [12], [11], [12], [11], [11], [12], [12], [11], [11], [11], [12], [12], [10], [13], [12], [11], [10], [11], [12], [10], [12], [11], [12], [10], [12], [12], [12], [6], [11], [9], [11], [12], [11], [12], [11], [12], [13], [12], [13], [13], [12], [11], [11], [13], [12], [11], [12], [12], [12], [13], [12], [12], [12], [12], [11], [12], [12], [12], [12], [11], [12], [12], [13], [13], [13], [12], [10], [10], [12], [11], [11], [10], [11], [12], [11], [11], [12], [13], [13], [12], [9], [9], [13], [9], [13], [11], [11], [12], [11], [13], [13], [12], [9], [11], [11], [13], [11], [10], [11], [11], [11], [11], [11], [12], [11], [12], [11], [12], [11], [11], [11], [12], [12], [10], [11], [11], [12], [12], [12], [11], [13], [11], [11], [11], [12], [12], [13], [12], [11], [12], [10], [12], [11], [11], [11], [12], [12], [11], [12], [13], [11], [13], [13], [12], [12], [12], [11], [12], [12], [13], [13], [10], [13], [12], [12], [13], [12], [12], [14], [13], [13], [13], [12], [12], [12], [12], [12], [12], [12], [13], [13], [13], [11], [12], [13], [12], [13], [12], [12], [13], [13], [14], [13], [13], [12], [13], [13], [13], [13], [13], [13], [12], [14], [13], [13], [12], [13], [13], [13], [14], [13], [14], [14], [13], [14], [14]]
Power draw values (W): [[93.52], [95.23], [93.87], [93.88], [94.25], [94.01], [94.89], [93.75], [94.33], [93.98], [93.97], [94.86], [94.56], [95.07], [94.16], [94.75], [94.24], [94.36], [94.66], [94.38], [94.84], [94.57], [94.53], [94.5], [94.7], [94.65], [94.49], [93.79], [93.84], [94.89], [94.93], [94.32], [94.27], [94.11], [94.41], [94.69], [94.09], [95.09], [94.47], [94.91], [94.55], [95.23], [94.72], [94.99], [94.1], [94.29], [94.21], [94.94], [94.2], [94.57], [94.69], [94.68], [94.5], [94.39], [94.67], [94.67], [94.35], [93.89], [93.88], [94.87], [94.87], [94.66], [94.75], [94.22], [94.07], [94.33], [94.54], [94.04], [94.56], [94.69], [94.95], [94.36], [94.68], [94.17], [94.65], [94.97], [94.48], [94.73], [95.06], [94.72], [94.58], [94.56], [94.71], [94.48], [94.71], [94.79], [94.37], [94.79], [94.55], [94.43], [94.31], [94.61], [94.72], [94.71], [94.6], [94.74], [95.24], [94.79], [94.5], [94.11], [95.05], [93.78], [93.79], [94.83], [93.6], [94.52], [94.73], [94.67], [94.37], [93.92], [94.69], [94.56], [94.13], [94.47], [94.87], [94.18], [94.78], [94.32], [94.62], [94.23], [94.66], [94.57], [94.49], [94.72], [94.83], [94.17], [94.54], [94.71], [94.46], [94.09], [94.64], [95.25], [94.08], [94.32], [94.83], [95.08], [94.69], [95.07], [94.25], [94.26], [94.99], [94.29], [94.41], [94.22], [94.39], [94.8], [94.63], [94.27], [95.13], [94.54], [94.55], [94.86], [94.86], [94.66], [94.63], [94.78], [94.7], [94.92], [94.75], [94.36], [94.8], [95.34], [94.79], [94.64], [94.35], [95.0], [94.48], [95.24], [94.58], [94.62], [94.78], [94.47], [94.94], [94.67], [94.46], [95.21], [94.18], [94.57], [94.63], [94.37], [94.43], [94.51], [94.43], [94.59], [93.82], [94.61], [94.43], [94.42], [95.02], [94.84], [94.26], [95.29], [94.53], [94.17], [94.35], [95.29], [94.46], [94.45], [94.84], [94.53], [95.11], [94.85], [94.71], [94.64], [94.67], [94.77], [94.56], [94.87], [94.84], [94.87], [94.53], [93.72], [94.27], [94.46], [94.77], [94.37], [94.25], [94.24], [94.4], [94.77], [93.94], [94.56], [94.74], [94.06], [93.94], [94.58], [94.2], [94.32], [94.5], [94.16], [93.77], [94.44], [94.01], [94.5], [94.63], [94.23], [94.6], [94.3], [94.56], [94.26], [94.62], [94.57], [94.93], [94.89], [94.74], [95.0], [95.14], [94.63], [94.68], [94.71], [94.96], [94.96], [94.43], [94.75], [95.09], [94.44], [94.58], [94.25], [94.32], [94.7], [95.12], [94.36], [94.4], [94.97], [95.17], [95.29], [95.12], [95.25], [95.45], [95.44], [95.03], [95.21], [95.62], [94.99], [95.14], [95.16], [95.41], [95.16], [95.52], [95.3], [95.31], [95.4], [95.31], [95.59], [95.83], [96.03], [95.92], [96.12], [96.16], [95.89]]

prompt3 of the 10 requests: 
Time taken for comparisons: 427.0765138412826 seconds.
 Starttime: 2026-04-07 15:06:10.990571 Endtime: 2026-04-07 15:13:18.066717
With GPU memory usage values (MiB): [[13181], [13181], [13181], [13181], [13181], [13181], [13181], [13181], [13181], [13181], [13185], [13185], [13185], [13185], [13187], [13191], [13191], [13193], [13193], [13193], [13195], [13195], [13197], [13197], [13197], [13199], [13201], [13201], [13201], [13205], [13205], [13207], [13207], [13209], [13209], [13211], [13211], [13215], [13215], [13217], [13217], [13219], [13219], [13221], [13223], [13223], [13225], [13227], [13227], [13229], [13229], [13231], [13231], [13233], [13233], [13233], [13235], [13235], [13239], [13239], [13239], [13241], [13241], [13243], [13245], [13245], [13247], [13249], [13249], [13251], [13251], [13251], [13253], [13255], [13257], [13257], [13259], [13259], [13261], [13261], [13261], [13263], [13263], [13267], [13267], [13269], [13269], [13271], [13271], [13273], [13273], [13275], [13275], [13277], [13277], [13281], [13283], [13283], [13285], [13285], [13285], [13287], [13289], [13289], [13289], [13291], [13291], [13293], [13297], [13297], [13299], [13299], [13299], [13301], [13303], [13303], [13305], [13305], [13309], [13309], [13309], [13309], [13311], [13313], [13313], [13315], [13319], [13321], [13321], [13321], [13323], [13323], [13325], [13327], [13327], [13329], [13333], [13333], [13335], [13335], [13335], [13335], [13337], [13337], [13337], [13339], [13341], [13345], [13345], [13347], [13349], [13349], [13351], [13351], [13351], [13351], [13351], [13351], [13353], [13353], [13357], [13359], [13363], [13363], [13365], [13365], [13367], [13369], [13369], [13369], [13369], [13369], [13369], [13369], [13369], [13369], [13369], [13369], [13371], [13379], [13381], [13387], [13391], [13393], [13393], [13399], [13399], [13399], [13399], [13399], [13399], [13399], [13399], [13399], [13399], [13399], [13399], [13399], [13399], [13399], [13399], [13399], [13403], [13407], [13411], [13415], [13417], [13417], [13419], [13419], [13421], [13427], [13427], [13427], [13427], [13427], [13427], [13427], [13427], [13427], [13427], [13427], [13427], [13427], [13427], [13427], [13427], [13427], [13427], [13427], [13427], [13427], [13427], [13427], [13427], [13427], [13427], [13427], [13427], [13427], [13427], [13427], [13427], [13427], [13427], [13427], [13427], [13427], [13427], [13427], [13427], [13427], [13427], [13427], [13427], [13427], [13427], [13427], [13427], [13427], [13427], [13427], [13427], [13427], [13427], [13427], [13427], [13427], [13427], [13427], [13427], [13427], [13427], [13427], [13427], [13427], [13427], [13427], [13427], [13427], [13427], [13427], [13427], [13427], [13427], [13427], [13427], [13427], [13427], [13427], [13427], [13427], [13427], [13427], [13427], [13427], [13427], [13427], [13427], [13427], [13427], [13427], [13427], [13427], [13427], [13427]]
GPU utilization values (%): [[12], [10], [12], [8], [12], [10], [13], [11], [11], [11], [10], [11], [12], [12], [11], [11], [12], [10], [12], [11], [12], [11], [13], [12], [11], [12], [12], [10], [10], [10], [12], [12], [11], [12], [11], [11], [11], [11], [11], [11], [12], [12], [12], [10], [8], [12], [10], [11], [11], [11], [11], [13], [13], [10], [13], [11], [10], [12], [11], [10], [8], [12], [11], [11], [11], [11], [10], [13], [9], [11], [11], [11], [10], [12], [12], [11], [10], [12], [11], [12], [11], [12], [10], [13], [11], [11], [11], [11], [10], [12], [9], [13], [11], [11], [11], [12], [12], [11], [11], [12], [10], [12], [11], [10], [11], [11], [13], [10], [12], [12], [12], [6], [11], [11], [12], [11], [13], [10], [11], [12], [13], [12], [13], [11], [12], [12], [12], [12], [12], [12], [12], [9], [12], [12], [12], [12], [12], [12], [11], [12], [13], [12], [10], [11], [12], [13], [13], [13], [12], [10], [10], [12], [11], [11], [11], [12], [12], [10], [12], [12], [13], [13], [12], [9], [9], [13], [9], [13], [11], [13], [12], [12], [11], [11], [11], [11], [12], [11], [11], [11], [10], [11], [11], [13], [12], [11], [11], [11], [13], [11], [12], [13], [11], [11], [10], [12], [10], [11], [13], [12], [13], [12], [11], [13], [11], [11], [12], [11], [12], [11], [11], [12], [12], [10], [11], [12], [11], [11], [12], [12], [13], [12], [12], [12], [13], [12], [12], [12], [12], [12], [11], [12], [12], [13], [12], [13], [12], [12], [12], [12], [13], [12], [12], [11], [13], [13], [12], [12], [13], [12], [12], [13], [12], [12], [12], [12], [13], [12], [12], [12], [13], [12], [13], [14], [13], [13], [12], [13], [13], [13], [12], [13], [13], [14], [13], [13], [13], [13], [13], [13], [13], [13], [14], [13], [14], [14], [13], [13], [14], [14], [18], [17], [17], [18], [18], [18], [17], [17], [18], [18], [18], [18], [17], [17], [18], [12]]
Power draw values (W): [[93.61], [95.23], [93.49], [93.72], [94.15], [94.93], [94.3], [94.56], [94.08], [94.39], [94.36], [94.33], [94.76], [94.57], [94.43], [94.91], [94.49], [94.72], [94.4], [94.85], [94.59], [94.62], [94.62], [94.54], [94.52], [94.45], [94.78], [93.92], [93.84], [94.85], [94.93], [94.31], [94.27], [94.11], [94.47], [94.69], [94.24], [95.09], [94.21], [94.72], [94.75], [95.01], [94.45], [95.06], [94.1], [94.29], [94.25], [94.82], [94.12], [94.36], [94.6], [94.86], [94.19], [94.49], [94.64], [94.69], [94.31], [94.25], [93.99], [94.59], [94.18], [95.23], [94.21], [93.81], [94.61], [94.37], [94.43], [94.45], [94.76], [94.78], [94.78], [95.1], [94.36], [94.82], [94.61], [94.03], [94.78], [94.17], [94.98], [94.28], [94.65], [94.96], [94.71], [94.74], [94.64], [94.94], [94.48], [94.57], [94.68], [94.42], [94.07], [94.75], [94.68], [94.71], [94.59], [94.78], [95.09], [94.83], [94.47], [94.45], [95.22], [94.49], [94.17], [94.59], [93.78], [94.43], [94.53], [94.54], [94.42], [93.91], [94.69], [94.33], [94.16], [94.35], [94.57], [94.33], [94.55], [94.5], [94.62], [94.23], [94.66], [94.34], [94.39], [94.66], [94.76], [94.44], [94.72], [94.8], [94.56], [94.1], [94.17], [94.86], [94.13], [94.22], [94.83], [95.08], [94.69], [95.07], [94.25], [94.26], [95.12], [94.76], [94.42], [94.05], [94.32], [94.61], [94.25], [95.28], [94.54], [94.55], [94.86], [94.86], [94.66], [94.63], [94.78], [94.7], [94.95], [94.45], [94.36], [94.8], [95.34], [94.79], [94.64], [94.35], [95.0], [94.48], [95.24], [94.65], [94.42], [94.96], [94.18], [94.01], [94.7], [94.9], [95.23], [94.74], [94.87], [94.7], [94.23], [94.47], [94.65], [94.54], [94.81], [94.32], [94.34], [94.61], [94.52], [95.07], [94.84], [93.99], [95.47], [94.09], [95.02], [94.22], [95.44], [94.37], [94.45], [94.74], [94.53], [95.01], [94.85], [94.71], [94.8], [94.67], [94.82], [94.91], [94.64], [94.64], [95.04], [93.99], [93.82], [94.35], [94.46], [94.85], [94.34], [94.32], [94.24], [94.3], [94.91], [93.81], [94.6], [94.47], [94.68], [94.25], [93.97], [94.53], [94.2], [94.31], [94.34], [94.16], [93.77], [94.44], [94.01], [94.46], [94.78], [94.75], [94.68], [94.13], [94.36], [94.24], [94.48], [94.4], [94.87], [94.9], [94.63], [95.13], [94.83], [94.68], [94.68], [95.04], [94.46], [94.88], [94.45], [94.49], [95.0], [94.22], [94.9], [94.36], [94.56], [94.42], [95.18], [94.17], [94.36], [95.02], [95.14], [94.96], [95.37], [95.23], [95.3], [95.62], [94.84], [95.32], [95.43], [95.0], [95.21], [95.52], [95.32], [95.08], [95.68], [95.2], [95.37], [95.25], [95.63], [95.62], [95.64], [95.94], [95.86], [96.28], [96.2], [95.53], [98.29], [98.15], [98.0], [98.31], [98.12], [98.27], [98.05], [98.32], [98.38], [98.73], [98.32], [98.56], [98.47], [98.32], [98.6], [96.99]]

In total for 10 requests: Time taken for comparisons: 427.07859692396596 seconds.
With avg GPU memory usage values (MiB): 13316.683424980361
avg GPU utilization values (%): 11.603692065985861
avg Power draw values (W): 94.58615868028271
