--- Starting comparisons --- 
Initial GPU memory loaded: [11295] MiB
Of total GPU memory: [95830] MiB

prompt1 of the 10 requests: 
Time taken for comparisons: 64.19657270982862 seconds.
 Starttime: 2026-03-26 09:42:50.681538 Endtime: 2026-03-26 09:43:54.874548
With GPU memory usage values (MiB): [[11295], [11365], [11365], [11365], [11365], [11365], [11365], [11365], [11365], [11365], [11365], [11365], [11365], [11365], [11365], [11365], [11365], [11365], [11365], [11365], [11365], [11365], [11365], [11365], [11365], [11365], [11365], [11365], [11365], [11365], [11365], [11365], [11365], [11365], [11365], [11365], [11365], [11365], [11365], [11365], [11365], [11365], [11365], [11365], [11365], [11365], [11365], [11365], [11365], [11365], [11365], [11365], [11365], [11365], [11365], [11365], [11365], [11365]]
GPU utilization values (%): [[0], [2], [29], [29], [28], [29], [29], [29], [29], [29], [29], [29], [28], [27], [30], [29], [29], [29], [29], [29], [29], [29], [29], [28], [29], [29], [29], [28], [29], [29], [29], [29], [29], [29], [29], [29], [30], [30], [30], [30], [30], [30], [30], [28], [25], [29], [29], [29], [29], [29], [29], [29], [29], [29], [30], [29], [29], [0]]
Power draw values (W): [[85.76], [90.82], [159.54], [126.14], [125.4], [127.08], [126.33], [126.42], [126.25], [125.72], [125.81], [126.68], [125.72], [126.58], [126.92], [126.94], [126.28], [127.22], [127.46], [126.97], [127.2], [127.58], [127.68], [127.18], [127.63], [127.56], [126.5], [127.3], [127.95], [127.75], [127.72], [127.69], [127.82], [127.89], [126.85], [127.41], [128.0], [128.26], [127.8], [128.24], [128.04], [128.4], [128.44], [127.48], [126.77], [127.74], [127.47], [127.09], [127.24], [126.82], [127.85], [127.42], [127.67], [127.62], [128.36], [127.89], [127.58], [99.51]]

In total for 1 requests: Time taken for comparisons: 64.19768733112141 seconds.
 With avg GPU memory usage values (MiB): 11363.793103448275
avg GPU utilization values (%): 28.963636363636365
avg Power draw values (W): 125.9903448275862
