--- Starting comparisons --- 
Initial GPU memory loaded: [22225] MiB
Of total GPU memory: [81920] MiB

promptBaseline of the 10 requests: 
Time taken for comparisons: 6.55157757550478 seconds.
 Starttime: 2026-03-24 12:44:58.868404 Endtime: 2026-03-24 12:45:05.419637
With GPU memory usage values (MiB): [[22345], [22349], [22355], [22361], [22367], [22373]]
GPU utilization values (%): [[3], [61], [61], [61], [60], [35]]
Power draw values (W): [[173.83], [167.57], [164.83], [159.02], [153.58], [73.76]]

prompt10 of the 10 requests: 
Time taken for comparisons: 32.6568751456216 seconds.
 Starttime: 2026-03-24 12:45:05.439199 Endtime: 2026-03-24 12:45:38.087038
With GPU memory usage values (MiB): [[22525], [22525], [22531], [22537], [22543], [22549], [22555], [22561], [22567], [22573], [22575], [22581], [22585], [22591], [22597], [22603], [22609], [22617], [22619], [22627], [22633], [22637]]
GPU utilization values (%): [[30], [37], [44], [44], [40], [46], [42], [43], [45], [47], [45], [45], [41], [43], [44], [39], [41], [37], [45], [43], [44], [48]]
Power draw values (W): [[145.62], [164.0], [134.82], [159.06], [157.96], [170.98], [149.17], [158.74], [157.19], [153.77], [160.32], [158.01], [159.4], [172.49], [132.48], [144.35], [144.77], [149.23], [151.05], [116.61], [151.23], [162.51]]

prompt1 of the 10 requests: 
Time taken for comparisons: 47.89448660612106 seconds.
 Starttime: 2026-03-24 12:45:05.420473 Endtime: 2026-03-24 12:45:53.314500
With GPU memory usage values (MiB): [[22525], [22525], [22529], [22533], [22539], [22543], [22549], [22557], [22561], [22569], [22573], [22575], [22583], [22587], [22593], [22597], [22605], [22611], [22617], [22619], [22627], [22633], [22637], [22637], [22639], [22643], [22653], [22659], [22665], [22671], [22677], [22685], [22689]]
GPU utilization values (%): [[30], [49], [50], [49], [46], [45], [44], [45], [43], [44], [44], [49], [49], [47], [44], [42], [37], [41], [37], [45], [43], [44], [42], [46], [36], [44], [43], [43], [42], [41], [40], [45], [41]]
Power draw values (W): [[139.57], [148.36], [153.26], [155.0], [146.09], [152.76], [159.85], [157.2], [146.58], [152.69], [157.54], [119.58], [158.44], [158.81], [169.57], [132.48], [164.9], [144.77], [164.66], [141.83], [140.8], [161.42], [145.53], [161.64], [133.12], [154.19], [159.31], [154.69], [159.71], [142.01], [148.04], [145.62], [148.53]]

prompt2 of the 10 requests: 
Time taken for comparisons: 56.69961349759251 seconds.
 Starttime: 2026-03-24 12:45:05.421794 Endtime: 2026-03-24 12:46:02.120577
With GPU memory usage values (MiB): [[22525], [22525], [22529], [22535], [22539], [22543], [22549], [22555], [22561], [22567], [22573], [22573], [22579], [22585], [22591], [22597], [22603], [22609], [22617], [22619], [22627], [22633], [22637], [22637], [22637], [22643], [22653], [22659], [22663], [22671], [22677], [22679], [22689], [22689], [22689], [22689], [22689], [22693], [22693], [22709]]
GPU utilization values (%): [[30], [43], [43], [49], [47], [45], [44], [42], [43], [45], [45], [44], [45], [41], [43], [44], [39], [41], [44], [45], [47], [44], [42], [46], [36], [44], [43], [43], [47], [43], [47], [48], [47], [48], [46], [46], [46], [43], [43], [47]]
Power draw values (W): [[139.57], [148.36], [155.92], [152.69], [162.82], [140.96], [148.74], [145.88], [153.21], [166.22], [152.8], [157.3], [158.01], [170.45], [172.49], [132.48], [144.35], [163.1], [149.23], [166.56], [116.61], [151.23], [145.53], [143.58], [158.12], [154.22], [151.72], [137.85], [148.19], [145.93], [138.72], [158.21], [140.27], [150.73], [151.17], [151.47], [154.29], [153.32], [156.86], [168.81]]

prompt9 of the 10 requests: 
Time taken for comparisons: 58.58266747649759 seconds.
 Starttime: 2026-03-24 12:45:05.438137 Endtime: 2026-03-24 12:46:04.020336
With GPU memory usage values (MiB): [[22525], [22525], [22531], [22537], [22543], [22547], [22555], [22561], [22567], [22571], [22573], [22579], [22585], [22589], [22597], [22603], [22611], [22617], [22621], [22627], [22635], [22637], [22637], [22639], [22643], [22651], [22657], [22659], [22669], [22673], [22677], [22687], [22689], [22689], [22689], [22689], [22689], [22693], [22709], [22709], [22709]]
GPU utilization values (%): [[30], [40], [44], [44], [45], [44], [45], [46], [43], [46], [42], [39], [40], [43], [44], [39], [41], [37], [45], [38], [44], [42], [41], [36], [47], [50], [50], [47], [43], [43], [40], [43], [44], [47], [45], [40], [42], [46], [45], [44], [48]]
Power draw values (W): [[148.55], [146.74], [131.12], [159.06], [157.85], [160.98], [149.17], [162.05], [158.42], [160.3], [149.44], [149.79], [159.4], [172.49], [159.26], [164.9], [144.77], [164.66], [164.91], [154.28], [161.42], [139.76], [161.64], [158.12], [134.15], [153.71], [157.96], [154.03], [143.82], [127.56], [139.29], [159.9], [160.26], [180.04], [172.28], [161.66], [151.71], [161.21], [163.74], [160.72], [147.06]]

prompt7 of the 10 requests: 
Time taken for comparisons: 59.050230036489666 seconds.
 Starttime: 2026-03-24 12:45:05.436088 Endtime: 2026-03-24 12:46:04.485708
With GPU memory usage values (MiB): [[22525], [22525], [22531], [22537], [22543], [22549], [22555], [22559], [22563], [22569], [22573], [22579], [22585], [22589], [22597], [22603], [22609], [22617], [22619], [22627], [22635], [22637], [22637], [22637], [22643], [22647], [22657], [22659], [22665], [22671], [22677], [22685], [22689], [22689], [22689], [22689], [22689], [22693], [22693], [22709], [22709], [22709]]
GPU utilization values (%): [[36], [37], [44], [44], [40], [46], [45], [49], [49], [46], [42], [39], [40], [43], [44], [39], [41], [44], [45], [43], [44], [42], [49], [50], [50], [50], [45], [41], [40], [41], [47], [47], [48], [48], [46], [48], [46], [43], [46], [47], [46], [49]]
Power draw values (W): [[145.62], [164.0], [134.82], [159.06], [157.96], [122.74], [155.76], [137.94], [152.57], [146.93], [149.44], [149.79], [140.42], [147.62], [159.26], [144.35], [163.1], [164.66], [166.56], [140.8], [161.42], [145.53], [143.58], [119.64], [163.53], [149.24], [157.45], [149.57], [141.81], [150.6], [126.72], [162.45], [160.74], [150.73], [151.17], [160.93], [154.29], [153.32], [161.12], [154.32], [151.53], [156.95]]

prompt6 of the 10 requests: 
Time taken for comparisons: 60.74246792495251 seconds.
 Starttime: 2026-03-24 12:45:05.435556 Endtime: 2026-03-24 12:46:06.176009
With GPU memory usage values (MiB): [[22525], [22525], [22531], [22537], [22543], [22549], [22555], [22561], [22563], [22571], [22573], [22579], [22585], [22589], [22597], [22601], [22607], [22615], [22619], [22625], [22631], [22635], [22637], [22637], [22639], [22643], [22653], [22659], [22665], [22673], [22677], [22685], [22689], [22689], [22689], [22689], [22689], [22693], [22703], [22709], [22709], [22709], [22709]]
GPU utilization values (%): [[30], [40], [44], [41], [45], [46], [45], [49], [49], [46], [42], [39], [36], [43], [48], [47], [44], [48], [45], [42], [42], [47], [43], [41], [36], [43], [43], [40], [42], [41], [40], [45], [44], [47], [45], [46], [44], [46], [47], [48], [47], [48], [48]]
Power draw values (W): [[145.62], [164.0], [134.82], [157.85], [152.79], [122.74], [171.6], [164.4], [152.57], [146.93], [149.44], [149.79], [140.42], [147.62], [156.07], [150.13], [155.71], [142.2], [155.18], [153.53], [141.52], [162.4], [139.01], [161.64], [133.12], [157.27], [159.31], [154.69], [141.81], [150.6], [148.04], [159.9], [160.26], [180.04], [155.41], [144.04], [148.62], [160.76], [156.74], [155.98], [148.59], [157.85], [157.77]]

prompt4 of the 10 requests: 
Time taken for comparisons: 63.28380294237286 seconds.
 Starttime: 2026-03-24 12:45:05.428663 Endtime: 2026-03-24 12:46:08.712019
With GPU memory usage values (MiB): [[22525], [22525], [22529], [22537], [22539], [22545], [22549], [22557], [22561], [22569], [22573], [22577], [22583], [22589], [22595], [22597], [22605], [22611], [22617], [22621], [22627], [22635], [22637], [22637], [22639], [22643], [22651], [22657], [22661], [22671], [22675], [22677], [22689], [22689], [22689], [22689], [22689], [22689], [22693], [22707], [22709], [22709], [22709], [22709], [22709], [22709]]
GPU utilization values (%): [[30], [37], [46], [47], [46], [45], [44], [45], [39], [44], [40], [43], [47], [49], [47], [42], [37], [41], [37], [45], [43], [44], [39], [46], [36], [44], [47], [47], [48], [47], [34], [37], [43], [42], [39], [43], [46], [44], [46], [47], [44], [46], [47], [47], [51], [51]]
Power draw values (W): [[148.55], [158.85], [154.99], [166.01], [163.72], [143.11], [156.42], [157.2], [146.58], [152.69], [158.19], [154.98], [112.26], [141.11], [148.6], [132.48], [164.9], [171.1], [146.4], [164.91], [140.8], [161.42], [139.76], [97.07], [158.12], [154.22], [107.37], [155.14], [152.21], [161.72], [127.56], [160.62], [164.84], [144.7], [159.54], [141.77], [161.66], [143.45], [161.21], [152.35], [160.72], [163.24], [156.9], [156.96], [162.21], [166.54]]

prompt5 of the 10 requests: 
Time taken for comparisons: 66.16807614080608 seconds.
 Starttime: 2026-03-24 12:45:05.434225 Endtime: 2026-03-24 12:46:11.601841
With GPU memory usage values (MiB): [[22525], [22525], [22529], [22537], [22539], [22545], [22549], [22557], [22561], [22569], [22573], [22577], [22583], [22589], [22597], [22601], [22609], [22617], [22619], [22625], [22631], [22637], [22637], [22637], [22639], [22643], [22657], [22659], [22665], [22673], [22677], [22687], [22689], [22689], [22689], [22689], [22689], [22693], [22703], [22709], [22709], [22709], [22709], [22709], [22709], [22709], [22709], [22709]]
GPU utilization values (%): [[30], [43], [46], [46], [46], [45], [44], [45], [43], [44], [44], [43], [36], [43], [48], [47], [43], [42], [45], [47], [48], [46], [43], [36], [36], [44], [38], [40], [40], [41], [40], [45], [42], [47], [43], [46], [44], [46], [47], [47], [46], [46], [46], [47], [49], [48], [49], [49]]
Power draw values (W): [[148.55], [152.79], [154.99], [124.75], [157.6], [152.76], [156.42], [157.2], [137.1], [152.69], [158.19], [157.32], [135.25], [161.87], [156.07], [150.13], [136.25], [142.54], [163.26], [121.07], [162.6], [152.13], [139.01], [153.51], [133.12], [154.19], [144.96], [167.8], [141.81], [142.01], [139.29], [164.84], [144.7], [180.04], [172.28], [144.04], [148.62], [154.1], [157.01], [158.35], [163.38], [167.59], [159.71], [158.83], [162.75], [165.89], [149.32], [169.2]]

prompt8 of the 10 requests: 
Time taken for comparisons: 68.06784485653043 seconds.
 Starttime: 2026-03-24 12:45:05.437326 Endtime: 2026-03-24 12:46:13.504702
With GPU memory usage values (MiB): [[22525], [22525], [22531], [22537], [22543], [22547], [22555], [22557], [22561], [22569], [22573], [22577], [22583], [22589], [22597], [22601], [22607], [22613], [22617], [22623], [22631], [22635], [22637], [22637], [22639], [22643], [22653], [22659], [22663], [22671], [22675], [22677], [22689], [22689], [22689], [22689], [22689], [22691], [22693], [22709], [22709], [22709], [22709], [22709], [22709], [22709], [22709], [22709], [22709], [22709]]
GPU utilization values (%): [[30], [37], [44], [44], [45], [44], [49], [46], [43], [44], [40], [43], [36], [43], [40], [47], [44], [48], [48], [49], [38], [41], [42], [46], [36], [44], [43], [43], [47], [49], [48], [49], [49], [47], [46], [43], [40], [42], [46], [47], [46], [49], [49], [49], [48], [50], [49], [53], [52], [61]]
Power draw values (W): [[145.62], [164.0], [134.82], [159.06], [157.85], [136.48], [163.46], [154.04], [152.26], [149.16], [158.19], [157.32], [140.42], [161.87], [156.07], [150.13], [141.69], [142.2], [155.06], [148.69], [163.62], [172.34], [139.76], [97.07], [133.12], [154.19], [151.72], [137.85], [148.19], [149.12], [155.57], [150.57], [158.18], [167.91], [164.91], [141.77], [157.69], [147.97], [161.12], [154.32], [151.53], [156.95], [154.64], [153.55], [160.3], [163.25], [154.93], [159.23], [161.93], [155.6]]

prompt3 of the 10 requests: 
Time taken for comparisons: 70.41925394441932 seconds.
 Starttime: 2026-03-24 12:45:05.423551 Endtime: 2026-03-24 12:46:15.842469
With GPU memory usage values (MiB): [[22525], [22525], [22529], [22537], [22539], [22545], [22551], [22557], [22561], [22569], [22573], [22577], [22583], [22589], [22597], [22601], [22607], [22615], [22617], [22623], [22631], [22635], [22637], [22637], [22639], [22643], [22657], [22659], [22665], [22673], [22677], [22685], [22689], [22689], [22689], [22689], [22689], [22693], [22699], [22709], [22709], [22709], [22709], [22709], [22709], [22709], [22709], [22709], [22709], [22709], [22709], [22709]]
GPU utilization values (%): [[30], [37], [42], [46], [42], [45], [44], [44], [43], [44], [44], [43], [36], [43], [48], [47], [44], [48], [48], [49], [42], [41], [39], [41], [36], [43], [38], [40], [40], [43], [40], [45], [44], [47], [45], [49], [49], [50], [49], [47], [44], [46], [48], [47], [48], [48], [49], [49], [49], [55], [59], [0]]
Power draw values (W): [[148.55], [158.85], [156.71], [147.86], [142.43], [150.51], [156.42], [165.66], [137.1], [152.69], [158.19], [157.32], [140.42], [161.87], [156.07], [150.13], [141.69], [142.2], [160.84], [151.72], [150.41], [156.32], [164.01], [153.51], [133.12], [157.27], [144.96], [167.8], [155.99], [142.01], [148.04], [145.62], [152.58], [147.69], [155.41], [145.44], [158.49], [162.67], [139.45], [164.22], [152.69], [171.24], [163.94], [165.68], [163.89], [170.19], [163.14], [164.58], [162.29], [149.19], [160.06], [73.77]]

In total for 10 requests: Time taken for comparisons: 70.4233654923737 seconds.
With avg GPU memory usage values (MiB): 22625.594724220624
avg GPU utilization values (%): 43.93028846153846
avg Power draw values (W): 152.39598557692312
