--- Starting comparisons --- 
Initial GPU memory loaded: [22225] MiB
Of total GPU memory: [81920] MiB

promptBaseline of the 10 requests: 
Time taken for comparisons: 5.529321629554033 seconds.
 Starttime: 2026-03-24 11:31:15.856520 Endtime: 2026-03-24 11:31:21.385500
With GPU memory usage values (MiB): [[22343], [22349], [22355], [22361], [22367]]
GPU utilization values (%): [[2], [61], [61], [62], [60]]
Power draw values (W): [[151.26], [152.43], [165.67], [158.97], [74.65]]

prompt10 of the 10 requests: 
Time taken for comparisons: 44.47284560929984 seconds.
 Starttime: 2026-03-24 11:31:21.412716 Endtime: 2026-03-24 11:32:05.885141
With GPU memory usage values (MiB): [[22519], [22523], [22529], [22535], [22541], [22547], [22553], [22557], [22565], [22567], [22571], [22577], [22581], [22589], [22597], [22601], [22605], [22611], [22619], [22623], [22629], [22635], [22641], [22645], [22649], [22657], [22661], [22667], [22671], [22673], [22683]]
GPU utilization values (%): [[42], [36], [46], [38], [42], [41], [45], [43], [42], [43], [42], [42], [37], [42], [44], [46], [44], [41], [42], [47], [49], [45], [46], [44], [45], [46], [47], [46], [46], [46], [43]]
Power draw values (W): [[118.0], [141.67], [145.42], [148.08], [153.26], [157.64], [141.58], [132.39], [154.14], [153.4], [153.35], [154.99], [153.46], [151.58], [147.64], [153.24], [153.2], [158.29], [135.82], [153.35], [162.3], [140.33], [165.95], [167.06], [138.33], [150.74], [158.61], [156.34], [142.35], [152.24], [156.88]]

prompt9 of the 10 requests: 
Time taken for comparisons: 51.79831149894744 seconds.
 Starttime: 2026-03-24 11:31:21.406987 Endtime: 2026-03-24 11:32:13.204842
With GPU memory usage values (MiB): [[22519], [22527], [22531], [22535], [22541], [22547], [22553], [22557], [22565], [22567], [22573], [22579], [22581], [22589], [22597], [22601], [22605], [22611], [22619], [22621], [22625], [22633], [22639], [22643], [22647], [22653], [22657], [22665], [22669], [22673], [22683], [22685], [22685], [22685], [22687], [22687], [22689]]
GPU utilization values (%): [[42], [35], [42], [38], [42], [41], [45], [43], [46], [44], [41], [45], [37], [41], [44], [39], [44], [47], [48], [45], [42], [45], [43], [46], [41], [42], [43], [45], [45], [38], [44], [43], [43], [40], [44], [44], [46]]
Power draw values (W): [[152.31], [150.28], [145.42], [148.08], [153.26], [157.64], [160.24], [132.39], [151.74], [161.13], [141.69], [136.38], [153.46], [151.58], [147.64], [150.17], [157.43], [148.49], [148.12], [154.27], [168.59], [167.19], [154.12], [164.16], [162.07], [146.35], [149.41], [157.34], [134.67], [153.01], [166.65], [158.64], [128.74], [148.33], [158.42], [155.35], [129.32]]

prompt2 of the 10 requests: 
Time taken for comparisons: 58.458330352790654 seconds.
 Starttime: 2026-03-24 11:31:21.388082 Endtime: 2026-03-24 11:32:19.830186
With GPU memory usage values (MiB): [[22519], [22525], [22531], [22535], [22541], [22547], [22553], [22559], [22565], [22567], [22573], [22579], [22585], [22589], [22599], [22601], [22605], [22613], [22619], [22623], [22631], [22637], [22641], [22645], [22651], [22657], [22663], [22669], [22671], [22681], [22685], [22685], [22685], [22685], [22687], [22689], [22689], [22689], [22689], [22689], [22691]]
GPU utilization values (%): [[42], [36], [37], [37], [42], [40], [42], [40], [44], [46], [48], [47], [43], [42], [41], [39], [41], [41], [42], [44], [47], [41], [42], [42], [41], [45], [44], [45], [46], [44], [43], [43], [42], [46], [44], [46], [45], [47], [43], [47], [46]]
Power draw values (W): [[152.31], [150.28], [151.48], [147.98], [120.61], [128.36], [143.4], [151.64], [144.5], [159.4], [157.2], [148.35], [152.71], [148.29], [146.49], [135.42], [166.62], [163.79], [157.52], [157.56], [144.44], [159.87], [158.57], [140.05], [147.11], [127.33], [149.43], [157.44], [135.9], [166.65], [159.3], [155.18], [148.33], [151.1], [159.11], [129.32], [153.51], [146.75], [160.72], [149.27], [152.75]]

prompt5 of the 10 requests: 
Time taken for comparisons: 60.291013858281076 seconds.
 Starttime: 2026-03-24 11:31:21.394069 Endtime: 2026-03-24 11:32:21.684186
With GPU memory usage values (MiB): [[22519], [22527], [22531], [22537], [22543], [22549], [22553], [22559], [22565], [22569], [22575], [22581], [22589], [22595], [22599], [22603], [22611], [22613], [22621], [22625], [22633], [22639], [22643], [22647], [22653], [22657], [22663], [22669], [22671], [22679], [22685], [22685], [22685], [22685], [22687], [22689], [22689], [22689], [22689], [22689], [22689], [22691], [22691]]
GPU utilization values (%): [[42], [35], [37], [37], [38], [40], [42], [40], [45], [45], [42], [41], [41], [42], [44], [45], [45], [41], [42], [44], [43], [45], [45], [41], [42], [43], [44], [45], [46], [48], [47], [47], [46], [46], [44], [44], [46], [48], [48], [44], [42], [41], [45]]
Power draw values (W): [[152.31], [150.28], [155.31], [147.98], [148.32], [128.36], [145.65], [157.95], [154.24], [152.54], [157.03], [152.48], [158.01], [152.39], [157.05], [156.06], [158.76], [159.05], [160.66], [157.38], [146.82], [163.41], [164.39], [162.07], [146.35], [149.41], [149.43], [139.39], [152.39], [160.38], [110.84], [163.93], [150.03], [155.49], [138.47], [158.77], [160.78], [155.55], [164.95], [154.29], [156.05], [159.17], [137.52]]

prompt1 of the 10 requests: 
Time taken for comparisons: 62.91821111924946 seconds.
 Starttime: 2026-03-24 11:31:21.386297 Endtime: 2026-03-24 11:32:24.302178
With GPU memory usage values (MiB): [[22519], [22523], [22529], [22535], [22541], [22547], [22553], [22555], [22561], [22567], [22571], [22577], [22581], [22589], [22597], [22601], [22607], [22613], [22619], [22623], [22631], [22637], [22641], [22645], [22649], [22655], [22661], [22667], [22669], [22673], [22683], [22685], [22685], [22685], [22687], [22689], [22689], [22689], [22689], [22689], [22689], [22691], [22691], [22691], [22691], [22691]]
GPU utilization values (%): [[34], [36], [46], [44], [45], [48], [48], [48], [46], [43], [42], [45], [37], [42], [41], [41], [41], [41], [42], [44], [47], [41], [46], [44], [45], [46], [46], [43], [40], [38], [43], [44], [47], [48], [49], [47], [36], [45], [47], [47], [47], [49], [49], [49], [49], [46]]
Power draw values (W): [[118.0], [141.67], [145.42], [148.08], [135.44], [129.38], [150.74], [151.02], [144.14], [165.41], [161.64], [154.99], [153.46], [148.29], [146.49], [150.42], [155.33], [163.79], [157.52], [157.56], [144.44], [159.87], [165.95], [167.06], [156.16], [156.07], [164.05], [165.3], [150.04], [144.01], [146.12], [126.09], [154.74], [159.02], [139.32], [166.47], [159.33], [154.37], [159.15], [141.2], [157.69], [155.6], [159.22], [162.91], [153.6], [160.3]]

prompt6 of the 10 requests: 
Time taken for comparisons: 65.92706772312522 seconds.
 Starttime: 2026-03-24 11:31:21.397134 Endtime: 2026-03-24 11:32:27.318951
With GPU memory usage values (MiB): [[22519], [22525], [22529], [22535], [22541], [22547], [22553], [22555], [22563], [22565], [22571], [22577], [22581], [22589], [22595], [22599], [22605], [22611], [22615], [22621], [22625], [22633], [22639], [22643], [22647], [22653], [22657], [22665], [22669], [22671], [22683], [22685], [22685], [22685], [22687], [22689], [22689], [22689], [22689], [22689], [22689], [22691], [22691], [22691], [22691], [22691], [22691], [22691]]
GPU utilization values (%): [[42], [36], [42], [38], [45], [48], [45], [45], [46], [43], [42], [42], [37], [42], [44], [46], [47], [46], [44], [43], [42], [43], [45], [46], [41], [42], [43], [45], [40], [38], [43], [44], [44], [45], [46], [46], [47], [46], [47], [45], [43], [45], [45], [46], [46], [47], [47], [46]]
Power draw values (W): [[152.31], [141.67], [145.42], [148.08], [153.26], [144.71], [151.48], [136.6], [132.95], [156.36], [153.35], [137.21], [153.46], [151.58], [153.83], [128.04], [156.98], [161.91], [152.01], [158.74], [157.68], [146.82], [163.41], [164.39], [162.22], [146.35], [149.41], [157.34], [134.67], [144.01], [156.88], [156.82], [169.76], [162.03], [160.08], [137.59], [146.94], [149.36], [157.36], [170.38], [155.11], [163.17], [168.43], [154.18], [153.01], [162.57], [154.21], [156.98]]

prompt7 of the 10 requests: 
Time taken for comparisons: 69.74618014506996 seconds.
 Starttime: 2026-03-24 11:31:21.398627 Endtime: 2026-03-24 11:32:31.144369
With GPU memory usage values (MiB): [[22519], [22525], [22529], [22535], [22541], [22549], [22553], [22559], [22565], [22569], [22575], [22581], [22587], [22593], [22599], [22601], [22607], [22613], [22621], [22625], [22631], [22639], [22641], [22645], [22649], [22657], [22661], [22667], [22671], [22677], [22685], [22685], [22685], [22685], [22687], [22689], [22689], [22689], [22689], [22689], [22689], [22691], [22691], [22691], [22691], [22691], [22691], [22691], [22691], [22691], [22691]]
GPU utilization values (%): [[42], [36], [42], [38], [38], [39], [42], [40], [43], [46], [42], [46], [42], [47], [49], [43], [44], [41], [42], [41], [43], [44], [42], [42], [43], [45], [46], [45], [43], [42], [40], [44], [44], [43], [46], [46], [47], [46], [47], [47], [47], [47], [45], [48], [45], [49], [49], [47], [47], [46], [51]]
Power draw values (W): [[152.31], [126.37], [145.42], [161.4], [148.32], [128.36], [143.4], [151.64], [134.41], [152.54], [126.52], [155.98], [148.41], [153.95], [149.47], [140.21], [158.6], [161.01], [160.66], [157.38], [165.59], [150.46], [160.43], [155.53], [161.2], [151.52], [159.98], [156.34], [153.26], [165.46], [147.51], [156.82], [169.76], [139.55], [160.08], [162.92], [146.94], [153.18], [154.48], [154.29], [159.15], [137.08], [137.52], [156.68], [153.51], [155.19], [161.56], [160.61], [155.37], [156.59], [149.66]]

prompt4 of the 10 requests: 
Time taken for comparisons: 73.06449052132666 seconds.
 Starttime: 2026-03-24 11:31:21.388855 Endtime: 2026-03-24 11:32:34.452945
With GPU memory usage values (MiB): [[22519], [22525], [22531], [22535], [22541], [22549], [22553], [22559], [22565], [22569], [22575], [22579], [22585], [22593], [22599], [22601], [22607], [22613], [22619], [22623], [22631], [22639], [22641], [22645], [22651], [22657], [22661], [22669], [22671], [22677], [22685], [22685], [22685], [22685], [22687], [22689], [22689], [22689], [22689], [22689], [22689], [22691], [22691], [22691], [22691], [22691], [22691], [22691], [22691], [22691], [22691], [22691], [22691], [22691]]
GPU utilization values (%): [[42], [36], [37], [37], [38], [40], [39], [40], [43], [46], [47], [44], [48], [44], [41], [39], [43], [41], [42], [41], [43], [45], [44], [44], [41], [45], [47], [46], [46], [46], [40], [35], [44], [43], [46], [43], [45], [46], [47], [47], [47], [47], [45], [48], [47], [49], [49], [46], [47], [46], [51], [50], [51], [50]]
Power draw values (W): [[152.31], [126.37], [155.31], [147.98], [120.61], [128.36], [143.4], [151.64], [134.41], [144.44], [139.72], [163.52], [154.56], [154.87], [151.19], [150.42], [154.88], [163.79], [153.58], [157.38], [146.82], [163.41], [156.59], [158.54], [147.01], [142.61], [148.34], [156.34], [153.26], [139.79], [149.62], [157.05], [169.76], [148.97], [160.29], [161.73], [147.55], [164.19], [154.48], [154.29], [159.15], [137.08], [137.52], [154.49], [153.55], [157.82], [168.15], [153.93], [155.37], [156.59], [149.66], [162.71], [162.1], [157.32]]

prompt8 of the 10 requests: 
Time taken for comparisons: 74.77030886616558 seconds.
 Starttime: 2026-03-24 11:31:21.399773 Endtime: 2026-03-24 11:32:36.169674
With GPU memory usage values (MiB): [[22519], [22525], [22531], [22535], [22541], [22549], [22555], [22561], [22565], [22571], [22575], [22581], [22587], [22593], [22599], [22603], [22609], [22615], [22621], [22625], [22633], [22639], [22643], [22647], [22653], [22657], [22665], [22669], [22671], [22683], [22685], [22685], [22685], [22685], [22689], [22689], [22689], [22689], [22689], [22689], [22691], [22691], [22691], [22691], [22691], [22691], [22691], [22691], [22691], [22691], [22691], [22691], [22691], [22691], [22691]]
GPU utilization values (%): [[42], [36], [37], [37], [38], [39], [39], [43], [45], [45], [42], [41], [49], [47], [44], [45], [45], [44], [44], [44], [43], [43], [46], [44], [42], [43], [45], [45], [46], [44], [47], [46], [42], [44], [44], [36], [45], [47], [47], [47], [46], [48], [48], [48], [50], [50], [51], [49], [50], [51], [51], [51], [51], [51], [61]]
Power draw values (W): [[118.0], [150.28], [155.31], [147.98], [148.32], [167.59], [152.15], [157.95], [154.24], [146.22], [126.52], [114.12], [110.38], [153.95], [152.67], [152.46], [155.86], [159.05], [157.33], [157.68], [166.8], [157.41], [164.16], [151.75], [163.57], [149.41], [157.34], [157.44], [135.9], [145.43], [158.64], [128.74], [148.33], [158.42], [155.35], [141.34], [153.51], [159.15], [160.72], [149.27], [150.23], [153.02], [158.49], [158.61], [152.89], [153.34], [174.63], [161.16], [164.68], [160.32], [157.57], [157.86], [156.71], [160.85], [169.61]]

prompt3 of the 10 requests: 
Time taken for comparisons: 78.29068429768085 seconds.
 Starttime: 2026-03-24 11:31:21.388287 Endtime: 2026-03-24 11:32:39.678628
With GPU memory usage values (MiB): [[22519], [22527], [22531], [22535], [22543], [22549], [22553], [22559], [22565], [22567], [22573], [22579], [22583], [22589], [22597], [22601], [22605], [22613], [22619], [22623], [22629], [22633], [22641], [22645], [22649], [22655], [22661], [22667], [22669], [22673], [22683], [22685], [22685], [22685], [22687], [22689], [22689], [22689], [22689], [22689], [22689], [22691], [22691], [22691], [22691], [22691], [22691], [22691], [22691], [22691], [22691], [22691], [22691], [22691], [22691], [22691], [22691], [22691], [22691]]
GPU utilization values (%): [[42], [35], [37], [37], [38], [39], [42], [48], [47], [44], [45], [42], [43], [42], [44], [39], [41], [41], [43], [44], [49], [49], [46], [44], [50], [46], [42], [43], [45], [45], [42], [44], [44], [45], [45], [47], [45], [43], [46], [45], [43], [46], [45], [46], [46], [47], [47], [46], [47], [49], [48], [47], [50], [47], [48], [54], [61], [62], [29]]
Power draw values (W): [[152.31], [150.28], [155.31], [147.98], [120.61], [128.36], [143.4], [137.28], [147.25], [156.17], [166.64], [159.47], [128.54], [151.58], [147.64], [150.17], [155.33], [158.29], [135.82], [153.35], [171.71], [159.79], [165.95], [156.09], [143.44], [160.38], [156.62], [151.33], [150.04], [143.04], [146.12], [126.09], [150.23], [165.76], [142.62], [157.3], [154.79], [162.66], [158.05], [151.62], [149.27], [150.23], [160.8], [166.6], [146.72], [162.57], [154.21], [156.98], [167.4], [161.85], [155.73], [163.91], [153.05], [156.7], [150.27], [153.74], [162.17], [160.54], [74.36]]

In total for 10 requests: Time taken for comparisons: 78.2933180835098 seconds.
