--- Starting comparisons --- 
Initial GPU memory loaded: [71707] MiB
Of total GPU memory: [95830] MiB

promptBaseline of the 10 requests: 
Time taken for comparisons: 14.16283205198124 seconds.
 Starttime: 2026-04-07 15:21:16.618646 Endtime: 2026-04-07 15:21:30.781095
With GPU memory usage values (MiB): [[71777], [71779], [71779], [71781], [71781], [71781], [71783], [71783], [71783], [71785], [71785], [71785], [71785]]
GPU utilization values (%): [[0], [0], [0], [0], [4], [12], [12], [11], [12], [12], [12], [12], [0]]
Power draw values (W): [[86.48], [86.38], [86.37], [93.98], [88.04], [95.27], [94.86], [95.07], [94.99], [94.97], [94.89], [95.29], [93.85]]

prompt1 of the 10 requests: 
Time taken for comparisons: 5.451250641141087 seconds.
 Starttime: 2026-04-07 15:21:30.781661 Endtime: 2026-04-07 15:21:36.232535
With GPU memory usage values (MiB): [[71785], [71785], [71785], [71785], [71785]]
GPU utilization values (%): [[12], [12], [12], [12], [0]]
Power draw values (W): [[99.95], [94.32], [94.6], [94.46], [90.83]]

prompt2 of the 10 requests: 
Time taken for comparisons: 3.2564739799126983 seconds.
 Starttime: 2026-04-07 15:21:36.233072 Endtime: 2026-04-07 15:21:39.489189
With GPU memory usage values (MiB): [[71785], [71785], [71785]]
GPU utilization values (%): [[12], [12], [12]]
Power draw values (W): [[97.96], [94.54], [93.47]]

prompt3 of the 10 requests: 
Time taken for comparisons: 199.46743080811575 seconds.
 Starttime: 2026-04-07 15:21:39.489717 Endtime: 2026-04-07 15:24:58.954639
With GPU memory usage values (MiB): [[71785], [71785], [71785], [71785], [71785], [71785], [71785], [71785], [71785], [71785], [71787], [71787], [71787], [71787], [71787], [71787], [71789], [71789], [71789], [71791], [71791], [71791], [71793], [71793], [71793], [71793], [71795], [71795], [71795], [71795], [71795], [71795], [71797], [71797], [71797], [71797], [71799], [71799], [71799], [71801], [71801], [71801], [71805], [71805], [71805], [71805], [71805], [71807], [71807], [71807], [71807], [71809], [71813], [71813], [71815], [71817], [71817], [71817], [71817], [71825], [71825], [71825], [71825], [71825], [71825], [71825], [71825], [71825], [71825], [71825], [71825], [71825], [71825], [71825], [71825], [71825], [71825], [71827], [71827], [71827], [71831], [71831], [71831], [71831], [71831], [71831], [71831], [71831], [71831], [71831], [71831], [71831], [71833], [71833], [71833], [71833], [71833], [71833], [71833], [71833], [71833], [71833], [71833], [71833], [71833], [71833], [71833], [71833], [71833], [71833], [71833], [71833], [71833], [71833], [71833], [71833], [71833], [71833], [71833], [71833], [71833], [71833], [71833], [71833], [71833], [71833], [71833], [71833], [71833], [71833], [71833], [71833], [71833], [71833], [71833], [71833], [71833], [71833], [71833], [71833], [71833], [71833], [71833], [71833], [71833], [71833], [71833], [71833], [71833], [71833], [71833], [71833], [71833], [71833], [71833], [71833], [71833], [71833], [71833], [71833], [71833], [71833], [71833], [71833], [71833], [71833], [71833], [71833], [71833], [71833], [71833], [71833], [71833], [71833], [71833], [71833], [71833], [71833], [71833], [71833], [71833], [71833]]
GPU utilization values (%): [[12], [12], [12], [12], [12], [12], [12], [12], [12], [12], [12], [12], [12], [12], [12], [12], [12], [13], [12], [12], [12], [12], [13], [12], [12], [12], [12], [13], [12], [12], [11], [12], [12], [12], [12], [13], [13], [13], [13], [13], [13], [12], [13], [13], [13], [12], [12], [12], [13], [13], [13], [13], [13], [12], [13], [13], [12], [13], [13], [13], [13], [13], [13], [13], [13], [13], [13], [13], [13], [12], [13], [13], [13], [13], [13], [12], [13], [13], [13], [12], [13], [12], [13], [13], [13], [12], [13], [13], [13], [13], [13], [13], [13], [13], [13], [13], [13], [13], [13], [13], [13], [13], [13], [13], [13], [13], [13], [13], [13], [13], [13], [12], [13], [13], [13], [13], [13], [13], [13], [13], [13], [13], [13], [13], [13], [13], [13], [13], [13], [13], [13], [13], [13], [13], [13], [13], [13], [13], [13], [12], [12], [13], [13], [13], [13], [13], [13], [13], [13], [13], [13], [13], [13], [14], [13], [13], [13], [13], [14], [14], [13], [13], [13], [13], [13], [14], [13], [13], [13], [13], [13], [14], [13], [14], [13], [13], [14], [14], [13], [14], [13], [0]]
Power draw values (W): [[100.81], [94.79], [94.47], [94.66], [94.96], [94.9], [94.51], [94.73], [94.98], [94.6], [94.92], [95.05], [95.22], [94.63], [94.82], [95.13], [95.4], [94.51], [94.61], [94.33], [94.51], [94.94], [94.93], [94.99], [95.15], [94.86], [94.78], [94.87], [94.82], [94.96], [94.93], [94.77], [95.04], [95.25], [95.1], [95.09], [95.17], [94.83], [94.86], [94.8], [95.28], [94.75], [94.83], [95.13], [95.31], [94.99], [95.33], [95.01], [95.54], [95.07], [94.92], [94.96], [95.23], [95.54], [95.2], [95.58], [95.0], [95.63], [95.41], [95.02], [95.96], [95.47], [95.35], [94.75], [95.51], [95.68], [95.42], [94.75], [95.39], [95.79], [95.33], [95.78], [95.55], [95.38], [95.73], [95.72], [95.75], [96.13], [95.84], [95.67], [95.7], [95.4], [95.22], [95.39], [95.68], [95.78], [96.0], [95.54], [95.79], [95.74], [96.08], [95.99], [95.98], [95.72], [95.86], [95.45], [96.05], [95.88], [95.74], [95.66], [95.86], [96.0], [95.52], [95.39], [96.03], [95.89], [95.77], [95.98], [96.23], [96.1], [95.75], [96.26], [95.93], [96.37], [96.02], [96.6], [96.28], [96.03], [96.23], [96.26], [96.85], [96.45], [96.15], [96.34], [96.42], [96.22], [96.12], [96.38], [95.96], [96.17], [96.13], [96.21], [96.46], [96.78], [96.89], [96.46], [96.11], [96.6], [96.66], [96.63], [96.2], [96.76], [96.24], [96.73], [96.39], [96.06], [96.75], [96.38], [96.54], [96.64], [96.71], [96.25], [97.34], [96.96], [96.64], [96.47], [96.93], [96.68], [96.82], [96.71], [96.64], [97.14], [97.05], [97.09], [96.99], [96.81], [97.15], [96.72], [97.14], [97.21], [97.24], [97.18], [97.24], [96.83], [97.52], [97.32], [96.9], [97.16], [97.37], [97.23], [96.6], [95.9]]

prompt4 of the 10 requests: 
Time taken for comparisons: 21.85287503199652 seconds.
 Starttime: 2026-04-07 15:24:58.959173 Endtime: 2026-04-07 15:25:20.811687
With GPU memory usage values (MiB): [[71833], [71833], [71833], [71833], [71833], [71833], [71833], [71833], [71833], [71833], [71833], [71833], [71833], [71833], [71833], [71833], [71833], [71833], [71833], [71833]]
GPU utilization values (%): [[12], [11], [12], [12], [12], [12], [12], [12], [12], [12], [12], [12], [12], [12], [12], [12], [12], [12], [12], [5]]
Power draw values (W): [[101.8], [94.09], [94.69], [94.38], [94.55], [94.54], [94.86], [94.37], [94.82], [94.81], [94.54], [94.67], [94.92], [95.54], [94.86], [94.66], [94.75], [94.94], [94.78], [94.66]]

prompt5 of the 10 requests: 
Time taken for comparisons: 7.601404965855181 seconds.
 Starttime: 2026-04-07 15:25:20.812234 Endtime: 2026-04-07 15:25:28.413302
With GPU memory usage values (MiB): [[71833], [71833], [71833], [71833], [71833], [71833], [71833]]
GPU utilization values (%): [[12], [12], [12], [12], [12], [12], [0]]
Power draw values (W): [[101.29], [94.25], [94.67], [94.77], [94.61], [94.54], [89.74]]

prompt6 of the 10 requests: 
Time taken for comparisons: 5.465879432857037 seconds.
 Starttime: 2026-04-07 15:25:28.413818 Endtime: 2026-04-07 15:25:33.879290
With GPU memory usage values (MiB): [[71833], [71833], [71833], [71833], [71833]]
GPU utilization values (%): [[12], [12], [12], [12], [0]]
Power draw values (W): [[99.16], [94.43], [94.27], [94.4], [92.39]]

prompt7 of the 10 requests: 
Time taken for comparisons: 10.840181424282491 seconds.
 Starttime: 2026-04-07 15:25:33.879864 Endtime: 2026-04-07 15:25:44.719703
With GPU memory usage values (MiB): [[71833], [71833], [71833], [71833], [71833], [71833], [71833], [71833], [71833], [71833]]
GPU utilization values (%): [[12], [12], [12], [12], [12], [12], [12], [12], [12], [0]]
Power draw values (W): [[101.21], [94.43], [94.84], [94.58], [94.75], [94.58], [94.72], [94.65], [94.8], [87.94]]

prompt8 of the 10 requests: 
Time taken for comparisons: 72.20012173289433 seconds.
 Starttime: 2026-04-07 15:25:44.720216 Endtime: 2026-04-07 15:26:56.916597
With GPU memory usage values (MiB): [[71833], [71833], [71833], [71833], [71833], [71833], [71833], [71833], [71833], [71833], [71833], [71833], [71833], [71833], [71833], [71833], [71833], [71833], [71833], [71833], [71833], [71833], [71833], [71833], [71833], [71833], [71833], [71833], [71833], [71833], [71833], [71833], [71833], [71833], [71833], [71833], [71833], [71833], [71833], [71833], [71833], [71833], [71833], [71833], [71833], [71833], [71833], [71833], [71833], [71833], [71833], [71833], [71833], [71833], [71833], [71833], [71833], [71833], [71833], [71833], [71833], [71833], [71833], [71833], [71833], [71833]]
GPU utilization values (%): [[11], [12], [12], [12], [12], [12], [12], [12], [12], [12], [10], [12], [11], [12], [12], [12], [12], [12], [12], [12], [12], [12], [12], [12], [12], [12], [12], [12], [12], [12], [12], [12], [12], [12], [12], [12], [12], [12], [12], [12], [12], [12], [12], [12], [12], [12], [12], [12], [12], [11], [12], [12], [12], [12], [12], [12], [12], [12], [12], [13], [12], [12], [13], [12], [12], [12]]
Power draw values (W): [[102.15], [94.24], [94.33], [94.56], [94.24], [94.53], [94.5], [94.29], [95.21], [94.44], [94.67], [94.94], [95.25], [95.12], [95.27], [95.42], [94.74], [95.11], [94.5], [95.62], [95.08], [95.58], [95.5], [95.35], [95.44], [95.33], [95.4], [95.26], [95.53], [95.22], [94.83], [95.23], [95.42], [95.24], [95.18], [95.24], [95.36], [94.89], [95.68], [95.42], [95.73], [94.97], [95.36], [95.49], [94.99], [95.37], [95.46], [95.08], [95.07], [95.55], [96.01], [95.13], [94.57], [95.01], [96.08], [95.52], [95.89], [95.98], [95.58], [95.42], [95.2], [95.97], [95.41], [95.87], [95.36], [94.9]]

prompt9 of the 10 requests: 
Time taken for comparisons: 7.6181331560947 seconds.
 Starttime: 2026-04-07 15:26:56.921136 Endtime: 2026-04-07 15:27:04.538929
With GPU memory usage values (MiB): [[71833], [71833], [71833], [71833], [71833], [71833], [71833]]
GPU utilization values (%): [[11], [12], [12], [12], [12], [12], [0]]
Power draw values (W): [[102.13], [94.34], [94.54], [94.31], [94.9], [94.63], [87.77]]

prompt10 of the 10 requests: 
Time taken for comparisons: 50.26762241590768 seconds.
 Starttime: 2026-04-07 15:27:04.539434 Endtime: 2026-04-07 15:27:54.804024
With GPU memory usage values (MiB): [[71833], [71833], [71833], [71833], [71833], [71833], [71833], [71833], [71833], [71833], [71833], [71833], [71833], [71833], [71833], [71833], [71833], [71833], [71833], [71833], [71833], [71833], [71833], [71833], [71833], [71833], [71833], [71833], [71833], [71833], [71833], [71833], [71833], [71833], [71833], [71833], [71833], [71833], [71833], [71833], [71833], [71833], [71833], [71833], [71833], [71833]]
GPU utilization values (%): [[12], [11], [12], [12], [12], [12], [12], [12], [12], [12], [12], [12], [12], [12], [12], [12], [12], [12], [12], [12], [12], [12], [12], [12], [12], [12], [12], [12], [12], [12], [12], [12], [11], [12], [12], [12], [12], [12], [12], [12], [12], [11], [12], [12], [12], [0]]
Power draw values (W): [[101.26], [94.01], [94.15], [94.49], [94.51], [94.8], [94.1], [94.25], [94.96], [94.66], [94.23], [94.9], [94.65], [95.27], [94.87], [94.8], [94.42], [94.81], [94.43], [94.41], [94.75], [94.25], [95.05], [94.93], [94.26], [94.72], [94.89], [95.22], [94.48], [94.88], [95.19], [94.85], [95.1], [94.99], [94.71], [94.78], [94.77], [94.3], [94.38], [94.5], [93.93], [94.52], [94.52], [94.52], [94.5], [90.27]]

In total for 10 requests: Time taken for comparisons: 384.0256595383398 seconds.
With avg GPU memory usage values (MiB): 71825.29629629629
avg GPU utilization values (%): 12.393586005830905
avg Power draw values (W): 95.44059829059829
