--- Starting comparisons --- 
Initial GPU memory loaded: [13579] MiB
Of total GPU memory: [81920] MiB

promptBaseline of the 10 requests: 
Time taken for comparisons: 7.623666947707534 seconds.
 Starttime: 2026-03-24 15:00:51.758491 Endtime: 2026-03-24 15:00:59.381787
With GPU memory usage values (MiB): [[13681], [13685], [13685], [13685], [13687], [13687], [13687]]
GPU utilization values (%): [[0], [17], [18], [18], [17], [17], [0]]
Power draw values (W): [[71.22], [85.71], [83.83], [81.88], [82.85], [86.81], [71.12]]

prompt2 of the 10 requests: 
Time taken for comparisons: 26.56137360725552 seconds.
 Starttime: 2026-03-24 15:00:59.382853 Endtime: 2026-03-24 15:01:25.924879
With GPU memory usage values (MiB): [[13951], [13969], [13969], [13969], [13969], [13969], [13969], [13969], [13969], [13969], [13969], [13969], [13969], [13969], [13969], [13969], [13971], [13971], [13971], [13971]]
GPU utilization values (%): [[23], [9], [10], [10], [12], [10], [11], [11], [12], [11], [11], [11], [12], [11], [11], [10], [11], [13], [12], [12]]
Power draw values (W): [[79.41], [80.0], [80.49], [80.0], [81.69], [78.74], [83.46], [78.14], [77.92], [81.88], [81.08], [80.18], [80.18], [87.99], [95.92], [87.81], [82.64], [79.98], [80.39], [82.17]]

prompt1 of the 10 requests: 
Time taken for comparisons: 31.356907211244106 seconds.
 Starttime: 2026-03-24 15:00:59.382588 Endtime: 2026-03-24 15:01:30.737779
With GPU memory usage values (MiB): [[13959], [13969], [13969], [13969], [13969], [13969], [13969], [13969], [13969], [13969], [13969], [13969], [13969], [13969], [13969], [13969], [13971], [13971], [13971], [13971], [13971], [13971], [13971], [13971]]
GPU utilization values (%): [[23], [9], [12], [9], [12], [11], [10], [11], [14], [11], [11], [12], [12], [11], [10], [11], [12], [11], [11], [12], [12], [12], [11], [12]]
Power draw values (W): [[79.41], [80.0], [81.57], [83.41], [79.79], [81.59], [79.98], [81.28], [79.58], [82.67], [105.61], [82.68], [81.78], [80.0], [80.18], [84.83], [81.69], [84.65], [80.3], [79.68], [81.37], [81.46], [84.92], [82.26]]

prompt6 of the 10 requests: 
Time taken for comparisons: 39.22938446793705 seconds.
 Starttime: 2026-03-24 15:00:59.389762 Endtime: 2026-03-24 15:01:38.618703
With GPU memory usage values (MiB): [[13961], [13969], [13969], [13969], [13969], [13969], [13969], [13969], [13969], [13969], [13969], [13969], [13969], [13969], [13969], [13969], [13971], [13971], [13971], [13971], [13971], [13971], [13971], [13971], [13971], [13971], [13971], [13971], [13971], [13971]]
GPU utilization values (%): [[13], [9], [12], [9], [10], [11], [12], [12], [10], [11], [12], [12], [11], [10], [11], [12], [11], [11], [11], [13], [11], [11], [12], [12], [11], [11], [11], [12], [11], [12]]
Power draw values (W): [[79.41], [98.06], [81.77], [88.56], [81.49], [79.77], [81.09], [79.0], [81.76], [81.36], [84.03], [78.53], [81.38], [81.56], [84.04], [80.1], [82.87], [89.29], [80.9], [84.15], [80.57], [81.18], [77.9], [82.73], [81.17], [82.19], [81.07], [86.48], [82.46], [83.96]]

prompt9 of the 10 requests: 
Time taken for comparisons: 46.79491857625544 seconds.
 Starttime: 2026-03-24 15:00:59.402519 Endtime: 2026-03-24 15:01:46.196830
With GPU memory usage values (MiB): [[13969], [13969], [13969], [13969], [13969], [13969], [13969], [13969], [13969], [13969], [13969], [13969], [13969], [13969], [13969], [13971], [13971], [13971], [13971], [13971], [13971], [13971], [13971], [13971], [13971], [13971], [13971], [13971], [13971], [13971], [13971], [13971], [13971], [13971], [13971], [13971]]
GPU utilization values (%): [[13], [9], [12], [9], [10], [11], [11], [12], [13], [12], [11], [10], [11], [13], [12], [11], [12], [12], [12], [12], [12], [12], [10], [11], [11], [11], [11], [11], [12], [9], [10], [11], [11], [10], [12], [11]]
Power draw values (W): [[83.33], [98.06], [81.77], [88.56], [78.74], [91.44], [78.14], [83.68], [98.09], [84.72], [80.76], [82.87], [81.27], [95.92], [80.28], [81.47], [87.28], [82.06], [82.87], [80.8], [79.98], [81.75], [82.44], [81.12], [81.58], [82.66], [82.08], [84.33], [80.78], [88.6], [81.94], [83.45], [82.18], [87.05], [81.87], [79.8]]

prompt5 of the 10 requests: 
Time taken for comparisons: 71.36201635375619 seconds.
 Starttime: 2026-03-24 15:00:59.387232 Endtime: 2026-03-24 15:02:10.748448
With GPU memory usage values (MiB): [[13951], [13969], [13969], [13969], [13969], [13969], [13969], [13969], [13969], [13969], [13969], [13969], [13969], [13969], [13969], [13969], [13971], [13971], [13971], [13971], [13971], [13971], [13971], [13971], [13971], [13971], [13971], [13971], [13971], [13971], [13971], [13971], [13971], [13971], [13971], [13971], [13971], [13971], [13971], [13971], [13971], [13971], [13971], [13971], [13971], [13971], [13971], [13971], [13971], [13971], [13971], [13971], [13971], [13971], [13971], [13971], [13971], [13971]]
GPU utilization values (%): [[23], [9], [12], [9], [10], [11], [11], [11], [11], [10], [12], [10], [11], [10], [11], [12], [11], [11], [11], [12], [11], [10], [12], [11], [11], [12], [12], [12], [8], [12], [12], [11], [12], [13], [12], [11], [11], [12], [12], [12], [12], [13], [13], [12], [13], [12], [11], [12], [11], [13], [12], [12], [13], [13], [14], [13], [12], [12]]
Power draw values (W): [[79.41], [77.53], [81.77], [88.56], [78.74], [83.46], [78.14], [80.17], [84.24], [81.19], [79.69], [78.53], [81.38], [81.56], [84.04], [80.1], [82.09], [89.29], [79.7], [83.45], [94.13], [81.88], [82.77], [81.08], [81.69], [80.82], [83.19], [84.37], [87.49], [83.96], [80.49], [89.15], [80.69], [80.81], [85.59], [82.65], [82.29], [82.08], [81.65], [82.85], [82.15], [82.85], [83.53], [80.66], [87.0], [83.07], [98.22], [81.98], [83.07], [82.64], [80.49], [82.09], [82.09], [82.94], [81.38], [84.22], [80.09], [83.95]]

prompt7 of the 10 requests: 
Time taken for comparisons: 97.46763086598366 seconds.
 Starttime: 2026-03-24 15:00:59.401262 Endtime: 2026-03-24 15:02:36.868406
With GPU memory usage values (MiB): [[13969], [13969], [13969], [13969], [13969], [13969], [13969], [13969], [13969], [13969], [13969], [13969], [13969], [13969], [13969], [13971], [13971], [13971], [13971], [13971], [13971], [13971], [13971], [13971], [13971], [13971], [13971], [13971], [13971], [13971], [13971], [13971], [13971], [13971], [13971], [13971], [13971], [13971], [13971], [13971], [13971], [13971], [13971], [13971], [13971], [13971], [13971], [13971], [13971], [13971], [13971], [13971], [13971], [13971], [13971], [13971], [13971], [13971], [13971], [13971], [13971], [13971], [13971], [13971], [13971], [13971], [13971], [13971], [13971], [13971], [13971], [13971], [13971], [13971], [13971], [13971], [13971], [13971], [13971], [13971], [13971]]
GPU utilization values (%): [[13], [9], [12], [9], [10], [11], [11], [12], [11], [11], [11], [11], [12], [11], [10], [11], [11], [11], [12], [11], [11], [11], [12], [11], [11], [11], [11], [12], [11], [11], [11], [11], [11], [11], [11], [12], [12], [12], [13], [12], [11], [12], [13], [12], [12], [12], [12], [11], [12], [12], [12], [12], [12], [11], [12], [12], [12], [12], [12], [13], [12], [12], [12], [12], [13], [12], [12], [12], [12], [12], [12], [13], [13], [11], [11], [12], [12], [12], [12], [12], [11]]
Power draw values (W): [[83.33], [77.53], [81.77], [88.56], [78.74], [83.46], [78.14], [77.92], [82.67], [81.36], [82.58], [83.26], [80.28], [80.47], [87.81], [80.39], [83.08], [81.39], [79.87], [89.08], [86.71], [81.88], [84.52], [81.12], [81.58], [82.66], [82.08], [83.28], [81.25], [81.59], [87.42], [80.36], [79.68], [89.68], [82.68], [79.7], [81.48], [83.08], [81.86], [81.2], [80.08], [81.48], [80.12], [85.32], [81.17], [80.69], [82.77], [82.18], [83.93], [91.35], [82.58], [81.09], [82.58], [82.87], [81.27], [82.68], [85.43], [82.48], [83.54], [93.86], [85.25], [81.46], [85.64], [83.64], [87.78], [84.53], [83.09], [82.26], [80.86], [83.66], [89.6], [85.05], [82.97], [82.64], [83.26], [89.72], [82.65], [86.24], [84.63], [80.78], [79.68]]

prompt4 of the 10 requests: 
Time taken for comparisons: 112.44604780711234 seconds.
 Starttime: 2026-03-24 15:00:59.386927 Endtime: 2026-03-24 15:02:51.831752
With GPU memory usage values (MiB): [[13961], [13969], [13969], [13969], [13969], [13969], [13969], [13969], [13969], [13969], [13969], [13969], [13969], [13969], [13969], [13971], [13971], [13971], [13971], [13971], [13971], [13971], [13971], [13971], [13971], [13971], [13971], [13971], [13971], [13971], [13971], [13971], [13971], [13971], [13971], [13971], [13971], [13971], [13971], [13971], [13971], [13971], [13971], [13971], [13971], [13971], [13971], [13971], [13971], [13971], [13971], [13971], [13971], [13971], [13971], [13971], [13971], [13971], [13971], [13971], [13971], [13971], [13971], [13971], [13971], [13971], [13971], [13971], [13971], [13971], [13971], [13971], [13971], [13971], [13971], [13971], [13971], [13971], [13971], [13971], [13971], [13971], [13971], [13971], [13971], [13971], [13971], [13971], [13971], [13971], [13971], [13971], [13971], [13971], [13971]]
GPU utilization values (%): [[13], [9], [12], [9], [10], [11], [11], [12], [11], [11], [11], [10], [11], [13], [12], [11], [12], [12], [12], [12], [12], [12], [10], [11], [11], [11], [12], [11], [12], [12], [12], [11], [11], [13], [12], [11], [12], [12], [12], [12], [13], [11], [11], [12], [12], [12], [13], [12], [11], [12], [12], [13], [13], [13], [14], [13], [12], [12], [12], [13], [12], [13], [12], [12], [12], [13], [12], [13], [12], [12], [12], [12], [12], [12], [12], [13], [11], [11], [12], [12], [12], [12], [12], [12], [11], [13], [13], [13], [13], [12], [13], [12], [12], [13], [12]]
Power draw values (W): [[79.41], [77.53], [81.77], [83.41], [81.49], [91.44], [78.14], [77.92], [84.84], [79.89], [81.47], [83.35], [81.27], [95.92], [80.28], [81.67], [87.69], [86.79], [82.29], [84.83], [81.55], [81.46], [82.44], [78.61], [84.04], [82.18], [81.57], [83.54], [81.18], [83.96], [82.47], [89.15], [80.69], [80.68], [82.97], [92.48], [88.29], [80.58], [85.82], [92.25], [80.28], [82.97], [84.63], [84.05], [85.0], [83.94], [81.98], [81.98], [80.57], [81.65], [93.09], [81.65], [80.47], [82.94], [82.18], [83.16], [80.09], [83.95], [80.89], [85.35], [81.96], [84.03], [81.86], [89.29], [87.49], [83.27], [82.58], [82.05], [80.1], [81.19], [86.32], [81.96], [82.32], [98.87], [82.47], [81.55], [83.03], [90.41], [81.46], [83.74], [87.39], [83.47], [86.6], [94.37], [80.39], [80.39], [82.74], [83.87], [82.45], [82.46], [84.25], [83.21], [82.46], [87.19], [87.6]]

prompt10 of the 10 requests: 
Time taken for comparisons: 160.6358806490898 seconds.
 Starttime: 2026-03-24 15:00:59.407045 Endtime: 2026-03-24 15:03:40.038770
With GPU memory usage values (MiB): [[13969], [13969], [13969], [13969], [13969], [13969], [13969], [13969], [13969], [13969], [13969], [13969], [13969], [13969], [13969], [13971], [13971], [13971], [13971], [13971], [13971], [13971], [13971], [13971], [13971], [13971], [13971], [13971], [13971], [13971], [13971], [13971], [13971], [13971], [13971], [13971], [13971], [13971], [13971], [13971], [13971], [13971], [13971], [13971], [13971], [13971], [13971], [13971], [13971], [13971], [13971], [13971], [13971], [13971], [13971], [13971], [13971], [13971], [13971], [13971], [13971], [13971], [13971], [13971], [13971], [13971], [13971], [13971], [13971], [13971], [13971], [13971], [13971], [13971], [13971], [13971], [13971], [13971], [13971], [13971], [13971], [13971], [13971], [13971], [13971], [13971], [13971], [13971], [13971], [13971], [13971], [13971], [13971], [13971], [13971], [13971], [13971], [13971], [13971], [13971], [13971], [13971], [13971], [13971], [13971], [13971], [13971], [13971], [13971], [13971], [13971], [13971], [13971], [13971], [13971], [13971], [13971], [13971], [13971], [13971], [13971], [13971], [13971], [13971], [13971], [13971], [13971], [13971], [13971], [13971], [13971], [13971], [13971], [13971], [13971], [13971], [13971]]
GPU utilization values (%): [[13], [9], [12], [9], [10], [11], [12], [11], [12], [11], [12], [12], [11], [13], [12], [11], [11], [12], [11], [12], [12], [10], [12], [12], [12], [11], [12], [12], [11], [11], [12], [11], [11], [10], [12], [12], [11], [12], [12], [12], [12], [11], [12], [12], [12], [13], [12], [12], [12], [13], [12], [11], [12], [11], [11], [11], [12], [12], [12], [12], [12], [12], [13], [13], [12], [12], [13], [13], [12], [12], [12], [12], [12], [13], [13], [12], [12], [12], [12], [13], [12], [13], [13], [13], [13], [13], [13], [13], [13], [13], [12], [12], [12], [13], [12], [13], [13], [14], [12], [13], [12], [13], [12], [13], [13], [13], [13], [12], [13], [13], [13], [13], [13], [13], [13], [12], [12], [13], [12], [13], [13], [13], [12], [13], [13], [13], [13], [13], [13], [14], [13], [13], [13], [13], [13], [13], [14]]
Power draw values (W): [[79.41], [77.53], [81.57], [88.56], [78.74], [91.44], [83.66], [81.16], [81.17], [80.5], [84.03], [82.68], [81.38], [83.27], [81.28], [84.86], [88.83], [80.89], [81.09], [83.45], [94.13], [81.88], [82.19], [82.45], [84.43], [80.08], [83.25], [81.29], [82.46], [80.02], [80.49], [83.45], [81.76], [87.05], [81.87], [81.38], [81.86], [82.56], [81.46], [83.45], [83.06], [82.16], [80.78], [84.64], [80.78], [79.57], [86.12], [87.6], [82.35], [83.54], [80.68], [81.09], [82.74], [82.18], [82.18], [83.96], [81.85], [79.89], [90.18], [82.17], [87.41], [83.03], [85.53], [81.37], [81.19], [80.38], [82.77], [82.05], [80.1], [81.57], [90.65], [82.46], [81.38], [80.09], [79.68], [89.72], [81.29], [92.1], [83.04], [82.77], [85.21], [81.79], [83.33], [82.68], [84.15], [81.38], [78.9], [83.27], [84.78], [83.27], [82.48], [82.25], [95.68], [80.86], [82.26], [84.55], [78.61], [80.78], [87.07], [80.78], [86.83], [91.26], [82.17], [82.65], [83.44], [83.62], [88.09], [81.38], [79.02], [81.88], [83.54], [84.96], [82.08], [81.37], [87.12], [75.88], [78.71], [81.29], [82.47], [83.83], [83.47], [83.27], [81.99], [83.25], [81.08], [82.56], [84.48], [86.48], [82.94], [83.04], [82.75], [82.17], [82.97], [83.72], [83.64], [82.36], [86.15]]

prompt8 of the 10 requests: 
Time taken for comparisons: 164.93304729182273 seconds.
 Starttime: 2026-03-24 15:00:59.402122 Endtime: 2026-03-24 15:03:44.334754
With GPU memory usage values (MiB): [[13959], [13969], [13969], [13969], [13969], [13969], [13969], [13969], [13969], [13969], [13969], [13969], [13969], [13969], [13969], [13969], [13971], [13971], [13971], [13971], [13971], [13971], [13971], [13971], [13971], [13971], [13971], [13971], [13971], [13971], [13971], [13971], [13971], [13971], [13971], [13971], [13971], [13971], [13971], [13971], [13971], [13971], [13971], [13971], [13971], [13971], [13971], [13971], [13971], [13971], [13971], [13971], [13971], [13971], [13971], [13971], [13971], [13971], [13971], [13971], [13971], [13971], [13971], [13971], [13971], [13971], [13971], [13971], [13971], [13971], [13971], [13971], [13971], [13971], [13971], [13971], [13971], [13971], [13971], [13971], [13971], [13971], [13971], [13971], [13971], [13971], [13971], [13971], [13971], [13971], [13971], [13971], [13971], [13971], [13971], [13971], [13971], [13971], [13971], [13971], [13971], [13971], [13971], [13971], [13971], [13971], [13971], [13971], [13971], [13971], [13971], [13971], [13971], [13971], [13971], [13971], [13971], [13971], [13971], [13971], [13971], [13971], [13971], [13971], [13971], [13971], [13971], [13971], [13971], [13971], [13971], [13971], [13971], [13971], [13971], [13971], [13971], [13971], [13971], [13971], [13971], [13971], [13971]]
GPU utilization values (%): [[13], [9], [12], [9], [12], [11], [11], [12], [14], [11], [11], [12], [13], [11], [10], [11], [12], [11], [11], [12], [12], [11], [12], [12], [12], [11], [12], [11], [12], [11], [11], [12], [11], [11], [11], [11], [12], [12], [12], [13], [12], [13], [13], [12], [12], [12], [11], [12], [11], [12], [11], [12], [13], [12], [13], [12], [13], [11], [11], [12], [12], [13], [12], [13], [13], [12], [12], [13], [13], [12], [11], [12], [12], [12], [13], [13], [12], [12], [12], [12], [12], [12], [13], [12], [13], [13], [11], [12], [12], [12], [12], [13], [12], [12], [12], [13], [13], [13], [13], [13], [13], [13], [13], [13], [13], [13], [13], [13], [12], [12], [12], [13], [13], [12], [13], [13], [13], [9], [12], [13], [13], [13], [13], [13], [14], [13], [13], [13], [14], [13], [13], [12], [14], [13], [14], [13], [14], [13], [12], [14], [15], [14], [16]]
Power draw values (W): [[79.41], [77.53], [81.57], [83.41], [81.49], [80.28], [78.11], [81.87], [79.58], [82.67], [105.61], [80.0], [90.26], [81.54], [81.36], [84.83], [81.69], [82.79], [80.3], [97.48], [82.06], [82.94], [81.28], [81.08], [82.26], [87.11], [82.06], [82.08], [83.28], [81.25], [81.59], [87.42], [80.23], [79.68], [89.68], [82.67], [79.7], [81.48], [83.08], [78.71], [84.83], [81.48], [80.69], [81.17], [83.73], [89.67], [88.79], [81.36], [86.02], [82.96], [83.06], [80.1], [81.67], [83.26], [83.04], [81.76], [83.66], [81.36], [92.16], [80.76], [85.52], [85.88], [82.07], [83.08], [81.76], [82.38], [81.36], [91.47], [91.97], [82.17], [81.38], [81.9], [82.46], [82.08], [80.09], [79.68], [82.86], [81.29], [92.1], [84.63], [80.78], [85.21], [81.79], [83.33], [83.47], [90.63], [86.22], [84.55], [80.18], [82.05], [83.24], [86.67], [83.75], [93.24], [84.83], [81.78], [90.14], [84.96], [83.66], [81.0], [82.97], [93.1], [84.53], [87.0], [93.62], [82.35], [81.86], [81.96], [82.58], [83.86], [88.13], [83.35], [82.64], [85.14], [82.97], [91.63], [83.76], [87.3], [78.71], [81.29], [82.47], [81.88], [81.97], [93.15], [94.84], [85.98], [94.58], [82.56], [83.83], [85.71], [87.4], [93.53], [83.47], [84.74], [87.02], [94.43], [82.73], [83.75], [82.67], [82.93], [91.16], [82.75], [86.42]]

prompt3 of the 10 requests: 
Time taken for comparisons: 245.7135507222265 seconds.
 Starttime: 2026-03-24 15:00:59.384284 Endtime: 2026-03-24 15:05:05.097461
With GPU memory usage values (MiB): [[13951], [13969], [13969], [13969], [13969], [13969], [13969], [13969], [13969], [13969], [13969], [13969], [13969], [13969], [13969], [13969], [13971], [13971], [13971], [13971], [13971], [13971], [13971], [13971], [13971], [13971], [13971], [13971], [13971], [13971], [13971], [13971], [13971], [13971], [13971], [13971], [13971], [13971], [13971], [13971], [13971], [13971], [13971], [13971], [13971], [13971], [13971], [13971], [13971], [13971], [13971], [13971], [13971], [13971], [13971], [13971], [13971], [13971], [13971], [13971], [13971], [13971], [13971], [13971], [13971], [13971], [13971], [13971], [13971], [13971], [13971], [13971], [13971], [13971], [13971], [13971], [13971], [13971], [13971], [13971], [13971], [13971], [13971], [13971], [13971], [13971], [13971], [13971], [13971], [13971], [13971], [13971], [13971], [13971], [13971], [13971], [13971], [13971], [13971], [13971], [13971], [13971], [13971], [13971], [13971], [13971], [13971], [13971], [13971], [13971], [13971], [13971], [13971], [13971], [13971], [13971], [13971], [13971], [13971], [13971], [13971], [13971], [13971], [13971], [13971], [13971], [13971], [13971], [13971], [13971], [13971], [13971], [13971], [13971], [13971], [13971], [13971], [13971], [13971], [13971], [13971], [13971], [13971], [13971], [13971], [13971], [13971], [13971], [13971], [13971], [13971], [13971], [13971], [13971], [13971], [13971], [13971], [13971], [13971], [13971], [13971], [13971], [13971], [13971], [13971], [13971], [13971], [13971], [13971], [13971], [13971], [13971], [13971], [13971], [13971], [13971], [13971], [13971], [13971], [13971], [13971], [13971], [13971], [13971], [13971], [13971], [13971], [13971], [13971], [13971], [13991], [13991], [13991], [13991], [13991], [13991], [13991], [13991], [13991], [13991], [13991], [13991], [13991], [14003], [14003], [14003], [14003], [14003], [14003], [14003], [14003], [14003], [14003], [14003], [14003], [14003]]
GPU utilization values (%): [[23], [9], [12], [9], [12], [11], [10], [11], [14], [11], [11], [12], [11], [12], [11], [10], [11], [11], [11], [12], [11], [11], [12], [11], [11], [12], [11], [11], [11], [11], [11], [12], [11], [11], [12], [11], [11], [12], [12], [13], [12], [11], [12], [13], [12], [12], [13], [12], [12], [12], [12], [13], [11], [12], [12], [12], [12], [12], [12], [13], [12], [13], [12], [12], [12], [12], [12], [12], [12], [12], [12], [13], [13], [12], [11], [13], [12], [12], [12], [12], [12], [11], [11], [13], [11], [13], [13], [13], [13], [12], [13], [12], [13], [12], [13], [13], [13], [13], [13], [12], [13], [12], [13], [12], [13], [13], [13], [13], [12], [12], [13], [13], [13], [13], [13], [13], [12], [12], [13], [13], [13], [13], [13], [14], [14], [13], [14], [14], [13], [14], [13], [14], [14], [14], [13], [14], [14], [12], [15], [15], [15], [18], [18], [18], [18], [18], [18], [18], [18], [18], [18], [18], [17], [19], [18], [18], [18], [18], [18], [17], [18], [17], [18], [18], [18], [18], [17], [18], [18], [18], [18], [17], [18], [18], [18], [19], [18], [19], [19], [19], [19], [19], [19], [19], [18], [19], [19], [19], [19], [19], [19], [18], [19], [19], [19], [19], [18], [19], [18], [19], [19], [19], [19], [19], [19], [19], [19], [18], [19], [19], [19], [19], [19], [19], [19], [0]]
Power draw values (W): [[79.41], [77.53], [81.77], [83.41], [79.79], [81.59], [80.49], [82.54], [79.58], [82.67], [90.37], [89.67], [90.26], [96.95], [80.47], [84.83], [81.69], [84.65], [81.96], [97.48], [82.06], [81.18], [77.9], [80.5], [83.55], [79.91], [82.37], [82.77], [83.63], [80.02], [82.68], [86.69], [91.83], [82.46], [82.58], [92.8], [79.7], [81.48], [83.08], [81.86], [82.04], [80.08], [81.48], [80.12], [84.57], [83.56], [83.07], [81.99], [82.18], [81.28], [82.17], [83.44], [82.38], [82.37], [87.78], [81.09], [86.74], [80.88], [101.25], [79.91], [82.64], [82.35], [82.74], [83.84], [91.46], [87.5], [83.87], [81.98], [82.77], [81.38], [85.23], [89.6], [82.52], [81.98], [83.66], [83.26], [81.88], [81.46], [79.19], [79.11], [81.47], [81.48], [83.27], [82.27], [82.68], [81.98], [81.38], [78.9], [83.27], [84.78], [83.27], [84.52], [82.25], [80.2], [80.86], [82.26], [83.64], [78.61], [80.78], [87.07], [81.07], [79.77], [84.76], [82.17], [82.65], [83.44], [83.62], [88.09], [81.38], [79.02], [81.88], [82.64], [83.24], [82.08], [81.37], [87.12], [75.88], [82.87], [83.96], [82.64], [84.94], [87.03], [81.58], [81.09], [83.64], [83.06], [82.47], [86.52], [82.37], [83.45], [83.76], [82.57], [82.87], [85.74], [91.33], [97.86], [82.35], [91.89], [83.82], [89.06], [81.57], [84.22], [85.25], [83.74], [87.31], [84.04], [86.03], [88.41], [90.27], [85.81], [94.7], [88.68], [85.22], [86.91], [84.53], [83.66], [86.41], [90.86], [84.36], [83.35], [86.7], [85.74], [85.71], [83.72], [85.19], [87.7], [85.79], [87.01], [84.74], [88.99], [87.1], [90.63], [85.01], [83.93], [84.62], [85.34], [90.35], [86.97], [84.63], [84.32], [85.34], [87.2], [87.25], [85.82], [84.94], [89.89], [86.29], [84.52], [84.65], [99.62], [86.29], [87.33], [84.72], [87.96], [85.32], [91.55], [84.11], [87.03], [85.02], [98.65], [86.81], [84.74], [85.42], [88.86], [92.36], [88.38], [89.68], [88.65], [84.8], [91.52], [90.93], [95.19], [91.24], [88.39], [89.26], [72.48]]

In total for 10 requests: Time taken for comparisons: 245.71692211180925 seconds.
With avg GPU memory usage values (MiB): 13971.326190476191
avg GPU utilization values (%): 12.550655542312276
avg Power draw values (W): 83.99182835820895
