--- Starting comparisons --- 
Initial GPU memory loaded: [62761] MiB
Of total GPU memory: [81920] MiB

promptBaseline of the 10 requests: 
Time taken for comparisons: 10.859576823189855 seconds.
 Starttime: 2026-04-08 00:14:34.259844 Endtime: 2026-04-08 00:14:45.119040
With GPU memory usage values (MiB): [[62837], [62859], [62859], [62861], [62861], [62861], [62863], [62863], [62865], [62865]]
GPU utilization values (%): [[0], [0], [0], [0], [18], [18], [18], [17], [18], [0]]
Power draw values (W): [[82.9], [83.07], [82.98], [82.38], [93.05], [95.49], [97.65], [98.37], [97.48], [82.28]]

prompt1 of the 10 requests: 
Time taken for comparisons: 60.6186551572755 seconds.
 Starttime: 2026-04-08 00:14:45.119775 Endtime: 2026-04-08 00:15:45.737941
With GPU memory usage values (MiB): [[63111], [63143], [63143], [63143], [63143], [63143], [63143], [63143], [63143], [63143], [63143], [63143], [63143], [63143], [63143], [63143], [63143], [63143], [63145], [63145], [63145], [63145], [63145], [63149], [63149], [63149], [63149], [63149], [63149], [63149], [63151], [63151], [63151], [63155], [63155], [63155], [63155], [63159], [63159], [63161], [63161], [63163], [63163], [63165], [63165], [63167], [63167], [63167]]
GPU utilization values (%): [[38], [11], [11], [11], [13], [11], [11], [10], [12], [12], [13], [12], [11], [10], [11], [12], [11], [11], [12], [12], [11], [12], [11], [11], [11], [11], [10], [10], [11], [12], [11], [12], [12], [11], [11], [12], [11], [11], [11], [11], [11], [12], [12], [12], [12], [11], [11], [11]]
Power draw values (W): [[186.19], [89.3], [92.12], [92.54], [92.33], [103.81], [103.47], [92.25], [93.52], [96.75], [95.4], [103.23], [92.75], [95.07], [94.63], [94.12], [92.54], [93.43], [92.66], [100.65], [94.61], [92.04], [92.22], [94.53], [92.52], [95.99], [91.46], [92.73], [93.14], [91.37], [93.14], [92.45], [97.98], [90.93], [94.03], [95.8], [96.88], [93.94], [93.03], [94.13], [91.94], [96.0], [92.94], [93.33], [92.34], [93.61], [91.54], [98.37]]

prompt2 of the 10 requests: 
Time taken for comparisons: 63.408696686849 seconds.
 Starttime: 2026-04-08 00:14:45.120429 Endtime: 2026-04-08 00:15:48.528431
With GPU memory usage values (MiB): [[63111], [63143], [63143], [63143], [63143], [63143], [63143], [63143], [63143], [63143], [63143], [63143], [63143], [63143], [63143], [63143], [63143], [63145], [63145], [63145], [63145], [63145], [63149], [63149], [63149], [63149], [63149], [63149], [63149], [63149], [63151], [63151], [63153], [63155], [63155], [63155], [63159], [63159], [63161], [63161], [63163], [63163], [63165], [63167], [63167], [63167], [63167], [63167], [63167]]
GPU utilization values (%): [[43], [11], [12], [11], [11], [11], [12], [11], [12], [11], [13], [12], [12], [11], [12], [12], [10], [11], [10], [12], [11], [12], [11], [11], [11], [11], [12], [11], [12], [11], [12], [11], [11], [12], [12], [13], [13], [10], [11], [11], [11], [11], [10], [11], [12], [11], [12], [12], [11]]
Power draw values (W): [[135.41], [92.32], [91.15], [93.01], [92.51], [93.33], [93.64], [95.76], [93.64], [91.07], [92.04], [90.67], [92.06], [93.74], [92.75], [94.61], [94.92], [100.15], [91.66], [94.51], [93.43], [95.1], [98.04], [95.4], [93.11], [93.14], [93.25], [96.09], [94.08], [96.23], [94.23], [94.63], [105.78], [92.85], [102.62], [95.07], [93.13], [92.27], [94.24], [91.94], [94.12], [92.33], [91.84], [92.62], [93.74], [91.34], [95.02], [94.05], [93.91]]

prompt5 of the 10 requests: 
Time taken for comparisons: 65.38138829544187 seconds.
 Starttime: 2026-04-08 00:14:45.123777 Endtime: 2026-04-08 00:15:50.503799
With GPU memory usage values (MiB): [[63111], [63143], [63143], [63143], [63143], [63143], [63143], [63143], [63143], [63143], [63143], [63143], [63143], [63143], [63143], [63143], [63143], [63145], [63145], [63145], [63145], [63145], [63145], [63149], [63149], [63149], [63149], [63149], [63149], [63151], [63151], [63151], [63153], [63155], [63155], [63155], [63159], [63159], [63159], [63161], [63163], [63163], [63163], [63165], [63167], [63167], [63167], [63167], [63167], [63167], [63167]]
GPU utilization values (%): [[43], [11], [11], [11], [10], [10], [12], [11], [12], [11], [13], [12], [12], [11], [11], [11], [10], [12], [11], [10], [13], [12], [11], [11], [11], [10], [11], [10], [12], [11], [11], [12], [12], [12], [12], [13], [13], [11], [10], [10], [11], [12], [13], [11], [11], [11], [11], [12], [11], [13], [12]]
Power draw values (W): [[186.19], [99.63], [91.15], [93.01], [91.42], [94.43], [93.52], [90.85], [104.98], [93.45], [93.64], [90.67], [92.06], [93.74], [91.84], [93.1], [94.92], [92.25], [94.97], [96.38], [93.52], [95.1], [93.27], [95.4], [93.11], [95.11], [88.47], [93.35], [98.88], [93.12], [93.82], [92.93], [92.64], [92.85], [102.62], [95.07], [92.72], [100.7], [102.04], [92.44], [87.62], [94.92], [92.43], [92.34], [93.61], [91.54], [91.83], [106.4], [92.33], [93.29], [91.75]]

prompt6 of the 10 requests: 
Time taken for comparisons: 73.11902021802962 seconds.
 Starttime: 2026-04-08 00:14:45.124136 Endtime: 2026-04-08 00:15:58.241064
With GPU memory usage values (MiB): [[63111], [63143], [63143], [63143], [63143], [63143], [63143], [63143], [63143], [63143], [63143], [63143], [63143], [63143], [63143], [63143], [63143], [63145], [63145], [63145], [63145], [63145], [63145], [63149], [63149], [63149], [63149], [63149], [63149], [63151], [63151], [63151], [63153], [63155], [63155], [63155], [63159], [63159], [63159], [63161], [63163], [63163], [63163], [63165], [63167], [63167], [63167], [63167], [63167], [63167], [63167], [63167], [63167], [63167], [63167], [63167], [63167], [63167]]
GPU utilization values (%): [[38], [10], [11], [11], [11], [12], [12], [11], [12], [11], [11], [11], [11], [12], [11], [13], [11], [11], [11], [12], [12], [11], [11], [12], [10], [11], [12], [12], [11], [11], [12], [12], [12], [12], [12], [11], [12], [12], [10], [10], [11], [2], [11], [12], [12], [12], [11], [11], [11], [13], [12], [11], [11], [11], [11], [12], [12], [11]]
Power draw values (W): [[186.19], [93.95], [91.84], [93.01], [92.21], [95.27], [92.82], [90.76], [93.39], [92.62], [94.8], [90.94], [93.81], [93.29], [92.44], [92.62], [92.75], [93.12], [92.23], [93.06], [94.11], [101.12], [94.4], [93.05], [93.84], [93.14], [88.47], [88.41], [93.62], [92.14], [91.55], [93.02], [98.72], [92.85], [93.02], [93.25], [101.11], [94.7], [93.02], [92.21], [90.66], [92.04], [95.57], [92.73], [93.91], [101.38], [91.83], [106.4], [90.68], [93.29], [91.75], [93.91], [97.37], [101.32], [93.63], [93.62], [93.91], [96.94]]

prompt9 of the 10 requests: 
Time taken for comparisons: 78.87401105370373 seconds.
 Starttime: 2026-04-08 00:14:45.125562 Endtime: 2026-04-08 00:16:03.996813
With GPU memory usage values (MiB): [[63111], [63143], [63143], [63143], [63143], [63143], [63143], [63143], [63143], [63143], [63143], [63143], [63143], [63143], [63143], [63143], [63143], [63145], [63145], [63145], [63145], [63145], [63149], [63149], [63149], [63149], [63149], [63149], [63149], [63151], [63151], [63153], [63155], [63155], [63155], [63159], [63159], [63159], [63161], [63163], [63163], [63163], [63165], [63167], [63167], [63167], [63167], [63167], [63167], [63167], [63167], [63167], [63167], [63167], [63167], [63167], [63167], [63167], [63167], [63167], [63167]]
GPU utilization values (%): [[43], [11], [11], [11], [11], [11], [10], [12], [11], [11], [12], [11], [12], [11], [12], [10], [11], [10], [12], [12], [11], [12], [12], [11], [12], [11], [10], [11], [11], [13], [11], [12], [11], [10], [11], [11], [11], [11], [10], [11], [12], [13], [11], [11], [12], [11], [12], [12], [11], [12], [11], [13], [13], [12], [12], [12], [12], [11], [12], [12], [13]]
Power draw values (W): [[135.41], [99.63], [91.15], [93.01], [103.81], [92.31], [92.25], [94.13], [92.06], [90.26], [93.18], [92.34], [91.94], [93.93], [94.82], [98.82], [93.53], [94.01], [92.95], [92.07], [97.67], [93.05], [93.24], [93.73], [92.06], [93.66], [94.32], [94.12], [91.46], [92.83], [91.25], [93.22], [94.11], [93.44], [94.62], [93.72], [92.33], [93.02], [92.21], [90.66], [94.92], [92.43], [92.34], [93.61], [91.54], [91.83], [92.56], [91.46], [92.86], [93.85], [93.72], [94.92], [96.25], [101.6], [96.88], [91.05], [95.17], [93.23], [92.9], [92.64], [91.48]]

prompt7 of the 10 requests: 
Time taken for comparisons: 133.84788957424462 seconds.
 Starttime: 2026-04-08 00:14:45.124460 Endtime: 2026-04-08 00:16:58.971256
With GPU memory usage values (MiB): [[63111], [63143], [63143], [63143], [63143], [63143], [63143], [63143], [63143], [63143], [63143], [63143], [63143], [63143], [63143], [63143], [63143], [63145], [63145], [63145], [63145], [63145], [63149], [63149], [63149], [63149], [63149], [63149], [63149], [63151], [63151], [63151], [63155], [63155], [63155], [63157], [63159], [63159], [63161], [63161], [63163], [63163], [63165], [63167], [63167], [63167], [63167], [63167], [63167], [63167], [63167], [63167], [63167], [63167], [63167], [63167], [63167], [63167], [63167], [63167], [63167], [63167], [63167], [63167], [63167], [63167], [63167], [63167], [63167], [63167], [63167], [63167], [63167], [63167], [63167], [63167], [63167], [63167], [63167], [63167], [63167], [63167], [63167], [63167], [63167], [63167], [63167], [63167], [63167], [63167], [63167], [63167], [63167], [63167], [63167], [63167], [63167], [63167], [63167], [63167], [63167], [63167], [63167], [63167], [63167], [63167], [63167], [63167], [63167], [63167]]
GPU utilization values (%): [[43], [11], [11], [11], [11], [11], [10], [12], [11], [11], [11], [13], [11], [12], [11], [10], [12], [10], [13], [12], [11], [11], [11], [11], [11], [10], [11], [11], [12], [11], [12], [12], [11], [11], [11], [11], [12], [10], [12], [10], [11], [11], [12], [12], [10], [10], [11], [12], [11], [11], [11], [11], [13], [12], [12], [12], [11], [11], [13], [12], [13], [12], [12], [13], [12], [12], [12], [13], [11], [13], [11], [12], [12], [12], [13], [11], [13], [12], [13], [13], [12], [14], [12], [12], [12], [13], [12], [12], [12], [12], [13], [12], [14], [12], [11], [12], [11], [12], [11], [11], [13], [13], [12], [12], [12], [12], [12], [12], [12], [12]]
Power draw values (W): [[135.41], [99.63], [91.15], [93.01], [92.25], [92.83], [92.04], [91.34], [92.64], [95.02], [90.98], [90.57], [103.25], [102.61], [91.17], [98.82], [93.53], [92.83], [99.01], [92.73], [92.83], [104.34], [96.18], [92.52], [95.99], [91.46], [92.13], [94.12], [99.74], [92.74], [92.16], [93.22], [94.11], [92.56], [90.86], [91.17], [92.16], [91.46], [96.56], [93.09], [94.12], [92.33], [90.59], [91.93], [95.31], [94.34], [103.0], [94.05], [93.91], [94.03], [94.13], [99.75], [96.25], [101.6], [96.88], [95.8], [95.17], [105.52], [93.82], [94.41], [91.48], [94.7], [95.23], [104.74], [93.33], [94.41], [94.07], [93.38], [94.18], [94.22], [93.64], [93.49], [93.82], [94.32], [92.93], [93.41], [95.4], [98.46], [95.23], [99.35], [94.32], [99.22], [92.94], [94.87], [101.2], [95.11], [95.11], [93.91], [94.23], [94.28], [94.18], [93.35], [92.04], [92.66], [93.29], [93.7], [90.26], [95.04], [110.54], [95.34], [94.87], [93.16], [93.19], [93.22], [93.55], [96.15], [93.91], [95.42], [95.23], [102.27]]

prompt4 of the 10 requests: 
Time taken for comparisons: 183.64464911352843 seconds.
 Starttime: 2026-04-08 00:14:45.122402 Endtime: 2026-04-08 00:17:48.766568
With GPU memory usage values (MiB): [[63111], [63143], [63143], [63143], [63143], [63143], [63143], [63143], [63143], [63143], [63143], [63143], [63143], [63143], [63143], [63143], [63143], [63145], [63145], [63145], [63145], [63145], [63145], [63149], [63149], [63149], [63149], [63149], [63149], [63151], [63151], [63151], [63155], [63155], [63155], [63155], [63159], [63159], [63161], [63161], [63163], [63163], [63165], [63165], [63167], [63167], [63167], [63167], [63167], [63167], [63167], [63167], [63167], [63167], [63167], [63167], [63167], [63167], [63167], [63167], [63167], [63167], [63167], [63167], [63167], [63167], [63167], [63167], [63167], [63167], [63167], [63167], [63167], [63167], [63167], [63167], [63167], [63167], [63167], [63167], [63167], [63167], [63167], [63167], [63167], [63167], [63167], [63167], [63167], [63167], [63167], [63167], [63167], [63167], [63167], [63167], [63167], [63167], [63167], [63167], [63167], [63167], [63167], [63167], [63167], [63167], [63167], [63167], [63167], [63167], [63167], [63167], [63167], [63167], [63167], [63167], [63167], [63167], [63167], [63167], [63167], [63167], [63167], [63167], [63167], [63167], [63167], [63167], [63167], [63167], [63167], [63167], [63167], [63167], [63167], [63167], [63167], [63167], [63167], [63167], [63167], [63167], [63167], [63167], [63167], [63167], [63167], [63167], [63167], [63167], [63167], [63167], [63167], [63167], [63167], [63167]]
GPU utilization values (%): [[43], [11], [11], [11], [11], [12], [11], [11], [11], [11], [11], [10], [12], [12], [12], [13], [11], [12], [11], [12], [12], [12], [11], [12], [10], [10], [12], [13], [12], [12], [11], [12], [11], [12], [11], [11], [12], [11], [12], [10], [9], [12], [13], [11], [11], [11], [11], [12], [12], [11], [10], [12], [12], [12], [12], [11], [12], [12], [12], [12], [12], [11], [12], [12], [12], [12], [13], [12], [12], [12], [13], [13], [12], [13], [12], [13], [12], [12], [12], [11], [12], [11], [12], [12], [12], [12], [13], [12], [13], [13], [11], [13], [11], [12], [11], [11], [11], [11], [12], [11], [12], [11], [12], [12], [13], [12], [12], [12], [12], [12], [12], [13], [13], [13], [13], [13], [13], [12], [13], [12], [12], [13], [12], [12], [12], [12], [12], [12], [12], [12], [12], [12], [12], [12], [12], [12], [13], [13], [13], [13], [14], [13], [13], [12], [12], [13], [12], [13], [13], [13], [12], [14], [13], [13], [12], [13]]
Power draw values (W): [[135.41], [99.63], [90.96], [92.73], [91.57], [95.27], [92.54], [93.73], [93.14], [92.67], [94.64], [90.26], [95.09], [93.29], [95.32], [99.58], [91.81], [92.14], [92.23], [93.06], [94.11], [101.12], [95.8], [93.05], [93.11], [93.14], [88.47], [93.35], [98.88], [92.16], [91.96], [93.02], [94.68], [94.03], [92.23], [93.64], [93.13], [92.05], [93.35], [91.65], [91.56], [93.93], [94.5], [92.34], [94.24], [91.45], [98.37], [93.94], [91.87], [102.42], [94.61], [95.96], [99.02], [94.23], [91.96], [96.19], [93.93], [94.88], [91.56], [93.0], [93.55], [93.54], [92.14], [92.64], [93.24], [93.43], [93.44], [91.83], [94.63], [93.84], [95.13], [94.7], [93.51], [94.86], [94.39], [95.01], [93.77], [94.64], [93.55], [95.4], [99.39], [95.0], [97.37], [93.34], [93.92], [93.23], [93.23], [93.55], [92.85], [97.27], [94.28], [94.51], [96.21], [93.39], [101.27], [93.32], [108.15], [94.73], [95.73], [93.12], [93.19], [94.84], [94.41], [96.38], [92.36], [102.35], [97.8], [93.44], [94.91], [98.78], [93.79], [95.42], [101.6], [97.34], [96.03], [94.52], [96.41], [98.83], [103.0], [93.32], [103.06], [92.93], [93.05], [95.2], [94.51], [96.38], [94.68], [95.42], [95.12], [94.73], [97.3], [95.81], [95.59], [94.84], [94.7], [95.71], [94.53], [95.07], [93.84], [94.63], [94.51], [94.51], [93.72], [95.2], [94.31], [94.86], [94.24], [93.43], [93.91], [94.48], [95.53], [93.62], [93.7], [93.42], [95.79], [93.82]]

prompt10 of the 10 requests: 
Time taken for comparisons: 205.61489587277174 seconds.
 Starttime: 2026-04-08 00:14:45.127461 Endtime: 2026-04-08 00:18:10.739212
With GPU memory usage values (MiB): [[63111], [63143], [63143], [63143], [63143], [63143], [63143], [63143], [63143], [63143], [63143], [63143], [63143], [63143], [63143], [63143], [63143], [63145], [63145], [63145], [63145], [63145], [63149], [63149], [63149], [63149], [63149], [63149], [63149], [63151], [63151], [63151], [63155], [63155], [63155], [63155], [63159], [63159], [63161], [63161], [63163], [63163], [63165], [63167], [63167], [63167], [63167], [63167], [63167], [63167], [63167], [63167], [63167], [63167], [63167], [63167], [63167], [63167], [63167], [63167], [63167], [63167], [63167], [63167], [63167], [63167], [63167], [63167], [63167], [63167], [63167], [63167], [63167], [63167], [63167], [63167], [63167], [63167], [63167], [63167], [63167], [63167], [63167], [63167], [63167], [63167], [63167], [63167], [63167], [63167], [63167], [63167], [63167], [63167], [63167], [63167], [63167], [63167], [63167], [63167], [63167], [63167], [63167], [63167], [63167], [63167], [63167], [63167], [63167], [63167], [63167], [63167], [63167], [63167], [63167], [63167], [63167], [63167], [63167], [63167], [63167], [63167], [63167], [63167], [63167], [63167], [63167], [63167], [63167], [63167], [63167], [63167], [63167], [63167], [63167], [63167], [63167], [63167], [63167], [63167], [63167], [63167], [63167], [63167], [63167], [63167], [63167], [63167], [63167], [63167], [63167], [63167], [63167], [63167], [63167], [63167], [63167], [63167], [63167], [63167], [63167], [63167], [63167], [63167], [63167], [63167], [63167], [63167], [63167], [63167], [63167], [63167], [63167], [63167], [63167], [63167]]
GPU utilization values (%): [[43], [10], [11], [11], [13], [13], [11], [11], [12], [11], [12], [12], [12], [12], [12], [10], [11], [12], [12], [12], [12], [11], [11], [11], [12], [10], [11], [10], [12], [11], [11], [11], [12], [11], [11], [12], [12], [10], [11], [11], [12], [11], [10], [11], [12], [10], [12], [12], [11], [11], [11], [11], [11], [11], [12], [13], [13], [12], [12], [12], [13], [11], [12], [12], [12], [12], [12], [12], [11], [12], [11], [12], [11], [12], [12], [11], [13], [11], [13], [11], [12], [12], [12], [13], [12], [12], [12], [14], [12], [12], [13], [12], [13], [12], [13], [11], [12], [12], [12], [13], [13], [13], [13], [13], [12], [12], [12], [12], [12], [12], [12], [13], [13], [13], [12], [13], [12], [12], [13], [13], [13], [13], [13], [12], [13], [12], [13], [13], [13], [13], [12], [12], [13], [13], [13], [11], [13], [12], [12], [12], [12], [12], [12], [12], [12], [13], [13], [13], [13], [12], [13], [12], [13], [12], [13], [13], [13], [14], [13], [13], [13], [12], [12], [14], [14], [13], [13], [13], [12], [14], [13], [14], [12], [13], [13], [14]]
Power draw values (W): [[186.19], [93.95], [91.56], [90.59], [101.7], [96.05], [92.54], [93.73], [93.64], [95.18], [91.54], [94.82], [95.07], [94.63], [94.12], [93.41], [101.42], [95.71], [100.92], [91.94], [92.66], [92.22], [95.2], [92.56], [93.14], [95.11], [107.08], [93.35], [98.88], [100.73], [91.96], [93.02], [91.83], [92.44], [93.82], [92.95], [93.94], [92.27], [94.24], [91.94], [84.75], [92.33], [85.74], [92.62], [93.72], [91.34], [95.02], [94.05], [95.99], [94.03], [91.75], [100.3], [93.34], [94.28], [93.61], [94.23], [93.64], [93.44], [93.84], [93.41], [94.73], [93.54], [103.6], [92.64], [94.2], [94.58], [94.4], [93.45], [102.92], [95.42], [107.31], [94.92], [94.61], [93.84], [93.64], [93.32], [94.56], [95.3], [95.69], [107.77], [92.94], [93.23], [93.44], [94.44], [93.33], [97.77], [97.98], [93.43], [106.13], [93.93], [106.94], [92.83], [93.12], [93.44], [94.13], [105.18], [93.12], [93.35], [92.45], [96.12], [95.34], [94.72], [93.16], [93.19], [94.12], [93.06], [94.73], [93.62], [96.48], [98.73], [95.09], [95.09], [94.08], [94.71], [97.25], [93.52], [93.39], [94.39], [94.04], [96.82], [94.63], [93.52], [95.21], [93.5], [93.0], [95.53], [95.8], [94.8], [95.3], [94.9], [96.98], [93.91], [95.29], [95.42], [95.49], [102.07], [94.84], [95.88], [93.5], [96.96], [94.38], [106.92], [97.15], [93.62], [93.41], [101.74], [103.88], [93.72], [93.12], [94.4], [94.91], [93.4], [95.77], [96.31], [96.36], [97.7], [95.69], [98.46], [95.98], [92.91], [93.91], [112.52], [96.37], [94.52], [94.33], [107.38], [95.76], [94.21], [95.53], [104.49], [94.2], [98.14], [96.31], [94.61], [94.61], [95.09]]

prompt8 of the 10 requests: 
Time taken for comparisons: 243.54960255976766 seconds.
 Starttime: 2026-04-08 00:14:45.125338 Endtime: 2026-04-08 00:18:48.673923
With GPU memory usage values (MiB): [[63111], [63143], [63143], [63143], [63143], [63143], [63143], [63143], [63143], [63143], [63143], [63143], [63143], [63143], [63143], [63143], [63143], [63145], [63145], [63145], [63145], [63145], [63149], [63149], [63149], [63149], [63149], [63149], [63149], [63151], [63151], [63151], [63155], [63155], [63155], [63159], [63159], [63159], [63161], [63161], [63163], [63163], [63165], [63167], [63167], [63167], [63167], [63167], [63167], [63167], [63167], [63167], [63167], [63167], [63167], [63167], [63167], [63167], [63167], [63167], [63167], [63167], [63167], [63167], [63167], [63167], [63167], [63167], [63167], [63167], [63167], [63167], [63167], [63167], [63167], [63167], [63167], [63167], [63167], [63167], [63167], [63167], [63167], [63167], [63167], [63167], [63167], [63167], [63167], [63167], [63167], [63167], [63167], [63167], [63167], [63167], [63167], [63167], [63167], [63167], [63167], [63167], [63167], [63167], [63167], [63167], [63167], [63167], [63167], [63167], [63167], [63167], [63167], [63167], [63167], [63167], [63167], [63167], [63167], [63167], [63167], [63167], [63167], [63167], [63167], [63167], [63167], [63167], [63167], [63167], [63167], [63167], [63167], [63167], [63167], [63167], [63167], [63167], [63167], [63167], [63167], [63167], [63167], [63167], [63167], [63167], [63167], [63167], [63167], [63167], [63167], [63167], [63167], [63167], [63167], [63167], [63167], [63167], [63167], [63167], [63167], [63167], [63167], [63167], [63167], [63167], [63167], [63167], [63167], [63167], [63167], [63167], [63167], [63167], [63167], [63167], [63167], [63167], [63167], [63167], [63167], [63167], [63167], [63167], [63167], [63167], [63167], [63167], [63167], [63167], [63167], [63167], [63167], [63167], [63167], [63167], [63167], [63167], [63167], [63167], [63167], [63167], [63167], [63167], [63187], [63187], [63187], [63187], [63187], [63187]]
GPU utilization values (%): [[38], [11], [11], [11], [11], [11], [11], [12], [11], [13], [12], [12], [12], [12], [12], [11], [13], [11], [12], [12], [11], [11], [12], [12], [12], [10], [11], [10], [12], [11], [11], [12], [11], [10], [11], [12], [12], [10], [11], [12], [12], [11], [12], [12], [10], [11], [12], [12], [11], [11], [11], [11], [13], [12], [11], [12], [13], [11], [12], [12], [13], [11], [12], [12], [12], [12], [12], [11], [11], [13], [12], [12], [12], [12], [13], [12], [13], [12], [13], [12], [12], [13], [12], [12], [12], [12], [12], [13], [12], [13], [13], [12], [14], [12], [11], [12], [11], [14], [11], [11], [12], [11], [12], [11], [12], [12], [13], [12], [12], [13], [13], [13], [13], [13], [13], [13], [13], [13], [12], [12], [12], [13], [12], [12], [12], [12], [12], [12], [12], [12], [12], [13], [12], [13], [12], [13], [13], [14], [13], [14], [13], [12], [13], [13], [12], [12], [12], [12], [12], [12], [12], [12], [12], [12], [12], [12], [14], [12], [13], [13], [14], [12], [13], [13], [13], [13], [13], [13], [12], [13], [13], [12], [12], [14], [14], [15], [15], [15], [14], [14], [14], [14], [14], [14], [14], [14], [14], [14], [15], [14], [15], [14], [15], [15], [13], [14], [14], [15], [15], [15], [15], [14], [15], [14], [15], [14], [14], [15], [15], [15]]
Power draw values (W): [[186.19], [99.63], [91.15], [93.01], [103.81], [103.47], [92.66], [91.52], [90.18], [94.84], [92.84], [92.75], [90.49], [91.05], [92.16], [90.48], [93.62], [100.15], [95.52], [93.61], [94.13], [92.95], [95.2], [92.56], [92.06], [95.11], [107.08], [92.63], [91.65], [93.14], [92.45], [97.98], [90.93], [93.44], [94.62], [94.13], [97.27], [93.02], [92.66], [92.64], [83.56], [94.68], [92.73], [93.91], [94.51], [93.84], [99.52], [93.49], [95.99], [94.68], [94.13], [98.52], [96.31], [93.81], [93.55], [92.84], [94.43], [93.99], [93.21], [92.55], [98.26], [93.54], [92.14], [92.64], [93.24], [93.43], [93.44], [94.3], [94.13], [96.47], [92.23], [93.49], [93.82], [94.8], [92.93], [93.41], [96.29], [95.76], [95.23], [93.25], [92.34], [92.93], [92.84], [92.85], [95.73], [104.77], [93.35], [94.68], [102.77], [93.84], [94.41], [101.03], [92.04], [92.66], [93.29], [93.7], [90.26], [95.04], [95.4], [94.01], [96.38], [94.11], [92.61], [95.42], [94.84], [92.56], [96.96], [94.71], [94.21], [93.61], [93.0], [94.72], [93.52], [93.43], [94.01], [103.09], [94.79], [94.92], [94.62], [95.53], [94.58], [96.41], [93.23], [95.81], [93.43], [95.61], [96.95], [100.0], [96.79], [99.81], [95.09], [95.73], [94.11], [93.51], [93.89], [94.02], [96.2], [95.58], [96.19], [94.32], [95.51], [94.14], [93.24], [102.51], [96.48], [93.79], [95.78], [93.33], [93.66], [93.62], [93.63], [95.07], [95.71], [95.31], [95.13], [95.42], [94.91], [93.94], [95.19], [95.02], [94.82], [95.81], [95.23], [94.31], [94.48], [94.11], [95.99], [94.98], [105.02], [100.51], [92.55], [107.0], [94.73], [95.9], [95.59], [96.58], [95.03], [94.78], [93.72], [93.91], [96.85], [96.0], [94.58], [96.6], [95.37], [95.66], [95.96], [96.21], [95.11], [97.14], [94.97], [96.69], [96.2], [99.72], [96.48], [95.21], [95.92], [109.05], [96.68], [96.69], [105.89], [95.79], [99.05], [98.38], [97.28], [97.95], [99.53], [97.66], [100.3], [95.01]]

prompt3 of the 10 requests: 
Time taken for comparisons: 394.8978942921385 seconds.
 Starttime: 2026-04-08 00:14:45.122034 Endtime: 2026-04-08 00:21:20.019528
With GPU memory usage values (MiB): [[63111], [63143], [63143], [63143], [63143], [63143], [63143], [63143], [63143], [63143], [63143], [63143], [63143], [63143], [63143], [63143], [63143], [63145], [63145], [63145], [63145], [63145], [63145], [63149], [63149], [63149], [63149], [63149], [63149], [63149], [63151], [63151], [63153], [63155], [63155], [63155], [63159], [63159], [63161], [63161], [63163], [63163], [63165], [63167], [63167], [63167], [63167], [63167], [63167], [63167], [63167], [63167], [63167], [63167], [63167], [63167], [63167], [63167], [63167], [63167], [63167], [63167], [63167], [63167], [63167], [63167], [63167], [63167], [63167], [63167], [63167], [63167], [63167], [63167], [63167], [63167], [63167], [63167], [63167], [63167], [63167], [63167], [63167], [63167], [63167], [63167], [63167], [63167], [63167], [63167], [63167], [63167], [63167], [63167], [63167], [63167], [63167], [63167], [63167], [63167], [63167], [63167], [63167], [63167], [63167], [63167], [63167], [63167], [63167], [63167], [63167], [63167], [63167], [63167], [63167], [63167], [63167], [63167], [63167], [63167], [63167], [63167], [63167], [63167], [63167], [63167], [63167], [63167], [63167], [63167], [63167], [63167], [63167], [63167], [63167], [63167], [63167], [63167], [63167], [63167], [63167], [63167], [63167], [63167], [63167], [63167], [63167], [63167], [63167], [63167], [63167], [63167], [63167], [63167], [63167], [63167], [63167], [63167], [63167], [63167], [63167], [63167], [63167], [63167], [63167], [63167], [63167], [63167], [63167], [63167], [63167], [63167], [63167], [63167], [63167], [63167], [63167], [63167], [63167], [63167], [63167], [63167], [63167], [63167], [63167], [63167], [63167], [63167], [63167], [63167], [63167], [63167], [63167], [63167], [63167], [63167], [63167], [63167], [63167], [63167], [63167], [63167], [63167], [63167], [63187], [63187], [63187], [63187], [63187], [63187], [63187], [63187], [63187], [63187], [63187], [63187], [63187], [63187], [63187], [63187], [63187], [63187], [63187], [63187], [63187], [63187], [63187], [63187], [63187], [63187], [63187], [63187], [63187], [63187], [63187], [63187], [63187], [63187], [63187], [63187], [63187], [63187], [63187], [63187], [63187], [63187], [63187], [63187], [63187], [63187], [63187], [63187], [63187], [63187], [63187], [63187], [63207], [63207], [63207], [63207], [63207], [63207], [63207], [63207], [63207], [63207], [63207], [63207], [63207], [63207], [63207], [63207], [63207], [63207], [63207], [63207], [63207], [63207], [63207], [63219], [63219], [63219], [63219], [63219], [63219], [63219], [63219], [63219], [63219], [63219], [63219], [63219], [63219], [63219], [63219], [63219], [63219], [63219], [63219], [63219], [63231], [63231], [63245], [63245], [63245], [63245], [63245], [63245], [63245], [63245], [63245], [63245], [63245], [63245], [63245], [63245], [63245], [63245], [63245], [63245], [63245], [63245], [63245], [63245], [63245], [63261], [63261], [63261], [63261], [63261], [63261], [63261], [63261], [63261], [63261], [63261], [63261], [63261], [63261], [63261], [63261], [63261], [63261], [63261], [63261], [63261], [63261], [63261], [63279]]
GPU utilization values (%): [[38], [10], [11], [11], [12], [12], [12], [11], [12], [11], [11], [10], [11], [12], [11], [11], [11], [11], [11], [12], [12], [11], [12], [12], [11], [12], [11], [12], [11], [11], [12], [11], [11], [12], [12], [13], [13], [10], [11], [11], [11], [11], [10], [11], [12], [11], [12], [12], [12], [12], [10], [12], [11], [12], [11], [11], [11], [12], [12], [12], [12], [11], [12], [12], [11], [12], [12], [11], [12], [12], [12], [13], [12], [13], [12], [13], [12], [12], [13], [11], [13], [11], [13], [12], [13], [12], [12], [12], [11], [13], [12], [12], [12], [12], [13], [12], [14], [12], [14], [12], [13], [13], [12], [13], [11], [13], [12], [12], [12], [13], [12], [13], [13], [13], [13], [12], [12], [13], [12], [13], [13], [13], [13], [13], [13], [13], [13], [13], [13], [13], [12], [12], [13], [13], [12], [12], [12], [12], [12], [12], [12], [12], [12], [12], [13], [12], [13], [13], [12], [13], [12], [12], [12], [13], [12], [13], [13], [13], [13], [13], [13], [14], [13], [13], [13], [13], [13], [13], [12], [13], [13], [14], [13], [12], [14], [15], [15], [14], [14], [15], [15], [15], [15], [14], [15], [15], [15], [15], [15], [15], [15], [14], [14], [15], [15], [15], [15], [15], [15], [15], [15], [15], [15], [15], [15], [15], [15], [15], [15], [15], [18], [18], [18], [18], [18], [18], [18], [19], [19], [19], [19], [18], [19], [18], [19], [18], [19], [19], [19], [19], [19], [19], [19], [19], [18], [19], [19], [19], [19], [18], [19], [18], [19], [19], [18], [19], [18], [19], [19], [19], [19], [19], [19], [19], [19], [19], [19], [19], [19], [19], [19], [19], [19], [19], [19], [19], [19], [19], [19], [18], [19], [19], [19], [19], [19], [19], [18], [19], [19], [19], [20], [19], [19], [19], [19], [19], [19], [19], [19], [19], [19], [19], [19], [20], [18], [20], [19], [19], [19], [19], [20], [19], [20], [20], [19], [20], [18], [20], [20], [20], [20], [19], [20], [20], [20], [18], [20], [20], [20], [20], [19], [20], [20], [20], [20], [20], [20], [18], [20], [20], [20], [20], [19], [20], [20], [20], [20], [19], [20], [20], [20], [20], [20], [20], [19], [20], [20], [20], [13]]
Power draw values (W): [[186.19], [90.96], [90.55], [93.01], [94.62], [96.05], [99.33], [100.21], [93.32], [92.62], [95.02], [93.1], [93.81], [92.54], [92.43], [93.32], [104.86], [94.11], [94.01], [92.95], [92.07], [98.37], [93.07], [93.24], [93.84], [94.42], [90.87], [95.79], [94.12], [96.23], [92.04], [94.63], [105.78], [92.85], [94.42], [95.07], [93.13], [92.27], [94.13], [91.94], [84.75], [92.33], [91.84], [94.39], [104.24], [93.95], [92.66], [95.0], [91.93], [95.5], [94.61], [95.96], [93.14], [95.82], [93.64], [93.91], [96.16], [97.85], [93.12], [93.05], [94.12], [93.54], [92.14], [92.64], [93.24], [93.43], [93.44], [94.3], [91.64], [96.47], [92.23], [92.44], [94.22], [94.8], [94.33], [93.14], [96.87], [94.55], [94.78], [94.51], [93.6], [92.33], [94.81], [93.74], [92.91], [91.27], [95.2], [99.57], [94.72], [94.3], [94.82], [93.19], [94.43], [98.35], [94.41], [93.99], [94.05], [93.4], [94.01], [95.8], [93.43], [94.41], [92.83], [94.22], [93.44], [94.92], [93.23], [92.89], [93.69], [93.97], [94.8], [94.01], [96.02], [92.83], [93.78], [92.93], [94.78], [94.11], [93.1], [94.51], [96.79], [95.23], [92.9], [100.82], [94.32], [94.53], [100.19], [94.68], [93.89], [94.14], [95.11], [93.91], [94.73], [96.21], [103.71], [93.82], [94.8], [98.52], [96.09], [95.19], [93.79], [94.34], [95.71], [94.12], [96.48], [97.6], [94.12], [93.22], [96.02], [95.0], [94.9], [94.31], [97.37], [93.74], [94.32], [94.68], [95.18], [93.91], [92.83], [96.09], [94.01], [95.26], [94.5], [93.93], [95.49], [98.54], [94.21], [95.59], [95.59], [108.0], [93.49], [107.79], [96.8], [95.23], [94.01], [94.4], [96.77], [94.8], [94.2], [94.58], [95.79], [94.92], [108.13], [95.01], [96.5], [94.8], [96.21], [96.98], [102.95], [95.57], [98.06], [94.61], [95.76], [95.96], [101.31], [96.39], [96.56], [96.09], [95.6], [94.61], [96.48], [95.8], [95.69], [108.76], [95.9], [101.12], [93.93], [95.21], [96.11], [95.4], [95.49], [96.11], [101.87], [96.68], [94.92], [103.96], [97.05], [96.09], [95.49], [100.92], [97.26], [96.48], [97.25], [96.53], [97.27], [96.26], [102.38], [97.3], [101.09], [108.1], [100.47], [98.63], [100.34], [102.67], [96.79], [96.98], [98.37], [98.47], [100.59], [98.27], [101.42], [98.66], [98.73], [108.32], [99.22], [97.83], [97.46], [102.77], [98.56], [97.33], [101.39], [102.41], [99.44], [96.09], [98.04], [97.25], [98.27], [100.99], [101.1], [103.1], [99.44], [98.16], [109.1], [97.37], [96.98], [100.82], [103.7], [98.26], [98.13], [99.07], [98.65], [98.86], [103.17], [101.16], [98.04], [96.87], [98.26], [102.19], [96.58], [101.09], [103.06], [99.41], [98.28], [99.53], [100.51], [98.55], [100.99], [98.66], [99.91], [102.8], [99.82], [103.67], [98.63], [97.77], [99.22], [103.39], [102.65], [100.64], [105.06], [99.05], [98.33], [98.01], [105.53], [100.35], [99.52], [99.23], [99.45], [104.03], [103.15], [105.78], [100.13], [99.61], [101.01], [101.14], [99.51], [100.2], [113.02], [103.06], [100.59], [99.35], [107.13], [100.15], [98.13], [102.88], [102.48], [99.61], [100.04], [99.45], [105.03], [101.91], [98.55], [99.91], [98.46], [103.58], [109.96], [100.99], [99.81], [99.8], [101.71], [103.84], [103.46], [109.68], [100.55], [100.01], [99.15], [106.22], [102.96], [101.81], [86.03]]

In total for 10 requests: Time taken for comparisons: 394.90504198893905 seconds.
With avg GPU memory usage values (MiB): 63166.380126182965
avg GPU utilization values (%): 13.032359905288082
avg Power draw values (W): 95.99668769716088
