--- Starting comparisons --- 
Initial GPU memory loaded: [42697] MiB
Of total GPU memory: [81920] MiB

promptBaseline of the 10 requests: 
Time taken for comparisons: 3.2761564338579774 seconds.
 Starttime: 2026-03-24 15:27:30.487549 Endtime: 2026-03-24 15:27:33.763367
With GPU memory usage values (MiB): [[42727], [42727], [42729]]
GPU utilization values (%): [[72], [72], [0]]
Power draw values (W): [[188.25], [204.4], [72.1]]

prompt1 of the 10 requests: 
Time taken for comparisons: 21.5208401652053 seconds.
 Starttime: 2026-03-24 15:27:33.764143 Endtime: 2026-03-24 15:27:55.280584
With GPU memory usage values (MiB): [[42885], [42885], [42885], [42885], [42885], [42885], [42885], [42885], [42885], [42885], [42887], [42887], [42889], [42891], [42891]]
GPU utilization values (%): [[25], [51], [35], [63], [49], [56], [49], [50], [47], [40], [52], [42], [54], [41], [51]]
Power draw values (W): [[174.71], [184.88], [192.74], [167.07], [146.28], [206.99], [177.46], [155.8], [144.72], [192.57], [174.28], [173.58], [164.45], [161.62], [175.15]]

prompt2 of the 10 requests: 
Time taken for comparisons: 21.557541655376554 seconds.
 Starttime: 2026-03-24 15:27:33.765796 Endtime: 2026-03-24 15:27:55.322852
With GPU memory usage values (MiB): [[42885], [42885], [42885], [42885], [42885], [42885], [42885], [42885], [42885], [42885], [42887], [42887], [42889], [42891], [42891]]
GPU utilization values (%): [[25], [23], [56], [43], [58], [55], [47], [54], [56], [60], [54], [54], [54], [41], [51]]
Power draw values (W): [[174.71], [175.16], [167.04], [179.61], [163.01], [138.7], [149.07], [193.84], [175.36], [200.36], [135.07], [190.13], [173.4], [161.62], [137.37]]

prompt6 of the 10 requests: 
Time taken for comparisons: 27.555627294816077 seconds.
 Starttime: 2026-03-24 15:27:33.772772 Endtime: 2026-03-24 15:28:01.326795
With GPU memory usage values (MiB): [[42885], [42885], [42885], [42885], [42885], [42885], [42885], [42885], [42885], [42885], [42887], [42887], [42889], [42891], [42891], [42891], [42891], [42891], [42891], [42891]]
GPU utilization values (%): [[25], [51], [56], [43], [58], [49], [47], [42], [54], [60], [53], [55], [54], [45], [50], [54], [51], [56], [58], [55]]
Power draw values (W): [[174.71], [184.88], [167.04], [179.61], [185.93], [119.77], [154.46], [179.11], [109.86], [179.1], [198.12], [177.62], [173.4], [165.14], [152.17], [144.04], [167.26], [186.27], [178.92], [169.77]]

prompt7 of the 10 requests: 
Time taken for comparisons: 41.29152578022331 seconds.
 Starttime: 2026-03-24 15:27:33.781941 Endtime: 2026-03-24 15:28:15.072966
With GPU memory usage values (MiB): [[42885], [42885], [42885], [42885], [42885], [42885], [42885], [42885], [42885], [42887], [42887], [42889], [42891], [42891], [42891], [42891], [42891], [42891], [42891], [42891], [42891], [42891], [42891], [42891], [42891], [42891], [42891], [42891], [42891], [42891], [42891]]
GPU utilization values (%): [[59], [23], [56], [43], [58], [49], [47], [55], [40], [54], [42], [54], [56], [54], [59], [57], [53], [48], [54], [48], [43], [61], [60], [53], [56], [57], [57], [52], [40], [59], [56]]
Power draw values (W): [[184.77], [175.16], [151.25], [179.61], [185.93], [119.77], [184.4], [139.23], [164.29], [174.28], [173.58], [131.84], [115.28], [134.48], [181.3], [163.84], [173.88], [179.34], [127.32], [176.97], [159.7], [173.94], [152.7], [133.7], [164.2], [188.82], [168.23], [177.02], [195.07], [165.4], [169.77]]

prompt9 of the 10 requests: 
Time taken for comparisons: 48.51151991728693 seconds.
 Starttime: 2026-03-24 15:27:33.799275 Endtime: 2026-03-24 15:28:22.310269
With GPU memory usage values (MiB): [[42885], [42885], [42885], [42885], [42885], [42885], [42885], [42885], [42885], [42885], [42887], [42887], [42889], [42891], [42891], [42891], [42891], [42891], [42891], [42891], [42891], [42891], [42891], [42891], [42891], [42891], [42891], [42891], [42891], [42891], [42891], [42891], [42891], [42891], [42891], [42891], [42891], [42891]]
GPU utilization values (%): [[25], [51], [50], [43], [58], [55], [55], [63], [62], [60], [54], [42], [54], [41], [51], [49], [47], [55], [53], [49], [48], [54], [61], [60], [53], [56], [51], [53], [52], [62], [61], [55], [55], [60], [57], [51], [53], [50]]
Power draw values (W): [[174.71], [175.16], [167.04], [179.61], [185.93], [114.4], [148.28], [132.16], [130.51], [200.36], [174.28], [193.29], [164.45], [161.62], [117.21], [125.72], [197.35], [109.58], [159.77], [180.56], [198.71], [151.78], [149.29], [152.7], [160.68], [104.94], [171.12], [168.23], [134.48], [114.77], [178.29], [132.9], [132.34], [186.73], [160.59], [138.33], [202.66], [163.93]]

prompt4 of the 10 requests: 
Time taken for comparisons: 58.69159068260342 seconds.
 Starttime: 2026-03-24 15:27:33.768783 Endtime: 2026-03-24 15:28:32.459837
With GPU memory usage values (MiB): [[42885], [42885], [42885], [42885], [42885], [42885], [42885], [42885], [42885], [42885], [42885], [42887], [42887], [42889], [42891], [42891], [42891], [42891], [42891], [42891], [42891], [42891], [42891], [42891], [42891], [42891], [42891], [42891], [42891], [42891], [42891], [42891], [42891], [42891], [42891], [42891], [42891], [42891], [42891], [42891], [42891], [42891], [42891], [42891], [42891], [42891], [42891]]
GPU utilization values (%): [[25], [51], [62], [46], [54], [46], [49], [47], [54], [46], [60], [53], [54], [40], [45], [50], [55], [56], [51], [49], [51], [49], [46], [48], [51], [52], [53], [57], [51], [58], [59], [54], [55], [59], [55], [28], [53], [52], [50], [51], [59], [48], [56], [66], [53], [61], [44]]
Power draw values (W): [[174.71], [139.82], [105.23], [157.98], [139.87], [196.28], [146.23], [154.46], [179.11], [153.04], [162.15], [187.1], [177.62], [180.76], [165.14], [196.76], [106.37], [123.97], [163.1], [153.22], [138.66], [178.4], [131.96], [196.19], [161.15], [181.54], [167.3], [131.21], [146.23], [164.46], [198.23], [192.24], [142.62], [170.35], [174.96], [167.49], [169.65], [183.34], [163.71], [159.61], [137.18], [167.4], [146.99], [150.83], [100.2], [183.69], [142.83]]

prompt5 of the 10 requests: 
Time taken for comparisons: 66.011923648417 seconds.
 Starttime: 2026-03-24 15:27:33.768300 Endtime: 2026-03-24 15:28:39.776927
With GPU memory usage values (MiB): [[42885], [42885], [42885], [42885], [42885], [42885], [42885], [42885], [42885], [42885], [42885], [42887], [42889], [42889], [42891], [42891], [42891], [42891], [42891], [42891], [42891], [42891], [42891], [42891], [42891], [42891], [42891], [42891], [42891], [42891], [42891], [42891], [42891], [42891], [42891], [42891], [42891], [42891], [42891], [42891], [42891], [42891], [42891], [42891], [42891], [42891], [42891], [42891], [42891], [42891], [42891], [42891], [42891], [42891]]
GPU utilization values (%): [[25], [63], [62], [59], [49], [44], [42], [43], [55], [51], [42], [55], [53], [55], [51], [37], [41], [44], [49], [55], [48], [55], [58], [63], [52], [52], [53], [57], [51], [49], [49], [54], [56], [55], [56], [27], [57], [59], [56], [57], [54], [56], [54], [54], [53], [52], [57], [52], [53], [61], [52], [56], [55], [57]]
Power draw values (W): [[183.24], [140.36], [144.56], [187.23], [174.01], [150.11], [146.23], [184.4], [163.48], [192.57], [205.24], [170.49], [169.51], [133.39], [180.95], [196.76], [162.95], [169.2], [145.56], [166.36], [124.38], [146.91], [152.04], [121.41], [192.74], [181.54], [193.22], [131.21], [146.23], [161.22], [196.01], [170.4], [185.84], [186.37], [169.19], [164.59], [175.66], [178.46], [172.28], [164.56], [172.34], [124.26], [147.49], [168.37], [175.0], [190.58], [193.21], [191.15], [134.57], [187.12], [188.21], [181.42], [152.48], [205.22]]

prompt8 of the 10 requests: 
Time taken for comparisons: 78.11933017522097 seconds.
 Starttime: 2026-03-24 15:27:33.782863 Endtime: 2026-03-24 15:28:51.901674
With GPU memory usage values (MiB): [[42885], [42885], [42885], [42885], [42885], [42885], [42885], [42885], [42885], [42885], [42887], [42889], [42889], [42891], [42891], [42891], [42891], [42891], [42891], [42891], [42891], [42891], [42891], [42891], [42891], [42891], [42891], [42891], [42891], [42891], [42891], [42891], [42891], [42891], [42891], [42891], [42891], [42891], [42891], [42891], [42891], [42891], [42891], [42891], [42891], [42891], [42891], [42891], [42891], [42891], [42891], [42891], [42891], [42891], [42891], [42891], [42891], [42891], [42891], [42891], [42891], [42891], [42891], [42891]]
GPU utilization values (%): [[25], [23], [56], [49], [44], [49], [47], [55], [51], [42], [55], [59], [55], [51], [37], [41], [56], [49], [49], [51], [49], [46], [48], [59], [56], [54], [53], [59], [48], [46], [47], [55], [55], [48], [51], [54], [57], [51], [50], [58], [51], [53], [53], [49], [51], [55], [52], [54], [51], [52], [56], [56], [55], [52], [57], [58], [54], [57], [55], [57], [56], [55], [55], [54]]
Power draw values (W): [[174.71], [184.88], [167.04], [174.11], [185.93], [119.77], [184.4], [142.17], [192.57], [164.33], [141.17], [156.48], [176.69], [136.22], [196.76], [187.02], [140.95], [163.1], [139.11], [138.66], [178.4], [176.32], [203.7], [167.83], [162.65], [115.56], [190.45], [170.69], [137.06], [176.96], [161.85], [188.09], [188.72], [183.53], [137.7], [175.18], [170.1], [176.15], [197.1], [171.16], [201.13], [113.29], [179.48], [156.85], [142.11], [122.06], [181.99], [176.96], [94.5], [122.31], [171.49], [169.1], [182.09], [190.07], [137.09], [145.32], [146.66], [184.0], [157.88], [129.5], [171.51], [191.84], [161.12], [152.32]]

prompt10 of the 10 requests: 
Time taken for comparisons: 101.46388884540647 seconds.
 Starttime: 2026-03-24 15:27:33.827412 Endtime: 2026-03-24 15:29:15.290873
With GPU memory usage values (MiB): [[42885], [42885], [42885], [42885], [42885], [42885], [42885], [42885], [42885], [42885], [42885], [42887], [42889], [42891], [42891], [42891], [42891], [42891], [42891], [42891], [42891], [42891], [42891], [42891], [42891], [42891], [42891], [42891], [42891], [42891], [42891], [42891], [42891], [42891], [42891], [42891], [42891], [42891], [42891], [42891], [42891], [42891], [42891], [42891], [42891], [42891], [42891], [42891], [42891], [42891], [42891], [42891], [42891], [42891], [42891], [42891], [42891], [42891], [42891], [42891], [42891], [42891], [42891], [42891], [42891], [42891], [42891], [42891], [42891], [42891], [42891], [42891], [42891], [42891], [42891], [42891], [42891], [42891], [42891], [42891], [42891], [42891], [42891], [42891], [42891]]
GPU utilization values (%): [[25], [51], [35], [63], [49], [56], [49], [50], [55], [51], [42], [52], [53], [41], [52], [57], [41], [44], [49], [55], [48], [55], [42], [41], [52], [51], [49], [44], [55], [58], [59], [56], [51], [59], [55], [28], [53], [59], [50], [51], [49], [48], [56], [66], [53], [49], [58], [59], [57], [59], [59], [56], [57], [59], [58], [62], [60], [60], [57], [62], [59], [60], [63], [58], [63], [60], [60], [62], [61], [62], [63], [62], [58], [62], [62], [63], [63], [62], [60], [62], [62], [63], [60], [62], [70]]
Power draw values (W): [[183.24], [139.82], [192.74], [167.07], [146.28], [206.99], [158.64], [155.8], [139.23], [192.57], [205.24], [187.51], [179.95], [198.73], [181.97], [165.21], [187.02], [169.2], [179.34], [172.87], [124.38], [184.39], [196.05], [132.74], [175.4], [154.94], [162.49], [189.93], [166.27], [164.46], [166.19], [169.77], [142.62], [178.79], [196.75], [167.49], [148.51], [183.34], [189.5], [173.1], [182.13], [167.4], [197.4], [150.83], [180.55], [195.14], [87.29], [188.26], [173.18], [168.92], [166.77], [180.67], [151.82], [142.58], [181.07], [198.41], [131.2], [185.08], [194.28], [154.36], [161.6], [202.75], [187.05], [188.34], [191.18], [163.87], [136.94], [134.9], [190.45], [163.43], [191.59], [160.48], [106.88], [136.61], [202.14], [195.36], [183.99], [147.54], [181.56], [110.91], [178.1], [162.29], [132.64], [207.39], [191.93]]

prompt3 of the 10 requests: 
Time taken for comparisons: 120.20647626928985 seconds.
 Starttime: 2026-03-24 15:27:33.766756 Endtime: 2026-03-24 15:29:33.972871
With GPU memory usage values (MiB): [[42885], [42885], [42885], [42885], [42885], [42885], [42885], [42885], [42885], [42885], [42887], [42887], [42889], [42891], [42891], [42891], [42891], [42891], [42891], [42891], [42891], [42891], [42891], [42891], [42891], [42891], [42891], [42891], [42891], [42891], [42891], [42891], [42891], [42891], [42891], [42891], [42891], [42891], [42891], [42891], [42891], [42891], [42891], [42891], [42891], [42891], [42891], [42891], [42891], [42891], [42891], [42891], [42891], [42891], [42891], [42891], [42891], [42891], [42891], [42891], [42891], [42891], [42891], [42891], [42891], [42891], [42891], [42891], [42891], [42891], [42891], [42891], [42891], [42891], [42891], [42891], [42891], [42891], [42891], [42891], [42891], [42891], [42891], [42891], [42891], [42891], [42891], [42891], [42891], [42891], [42891], [42891], [42891], [42891], [42891], [42891], [42891], [42891], [42891], [42891], [42891], [42891]]
GPU utilization values (%): [[25], [51], [35], [46], [58], [46], [52], [56], [47], [40], [52], [42], [54], [41], [50], [54], [51], [56], [58], [55], [53], [45], [39], [44], [53], [47], [51], [53], [52], [62], [43], [48], [50], [60], [52], [52], [53], [50], [60], [49], [52], [57], [60], [45], [63], [49], [44], [56], [54], [55], [59], [55], [52], [59], [55], [52], [55], [53], [57], [55], [59], [56], [54], [58], [55], [60], [59], [62], [57], [62], [58], [62], [58], [53], [62], [60], [55], [62], [60], [56], [62], [63], [60], [62], [70], [70], [70], [72], [72], [70], [70], [69], [71], [70], [72], [67], [72], [70], [69], [70], [70], [0]]
Power draw values (W): [[174.71], [139.82], [151.25], [142.29], [125.09], [159.74], [134.08], [180.25], [139.23], [164.29], [135.07], [190.13], [173.4], [165.14], [137.37], [189.14], [167.26], [186.27], [162.77], [181.15], [153.47], [198.4], [189.21], [139.35], [174.36], [186.67], [117.98], [187.56], [134.48], [114.77], [178.29], [132.9], [132.34], [150.23], [205.87], [117.9], [199.86], [186.94], [192.8], [125.85], [125.4], [151.88], [181.23], [138.54], [192.47], [195.14], [116.03], [153.25], [202.9], [188.31], [176.56], [196.18], [193.11], [209.02], [149.04], [151.8], [166.07], [174.16], [151.38], [153.09], [180.61], [162.66], [191.2], [194.92], [186.19], [151.43], [190.32], [198.42], [178.66], [150.7], [181.62], [183.68], [156.19], [133.22], [202.14], [159.65], [102.74], [147.54], [181.56], [110.91], [178.1], [162.29], [132.64], [207.39], [191.93], [223.63], [207.83], [146.24], [205.17], [182.3], [135.38], [195.55], [195.5], [181.62], [169.59], [196.32], [133.44], [230.2], [186.73], [194.93], [205.04], [75.14]]

In total for 10 requests: Time taken for comparisons: 120.21036129631102 seconds.
With avg GPU memory usage values (MiB): 42889.50530785562
avg GPU utilization values (%): 53.02127659574468
avg Power draw values (W): 166.0558085106382
