--- Starting comparisons --- 
Initial GPU memory loaded: [13579] MiB
Of total GPU memory: [81920] MiB

prompt1 of the 10 requests: 
Time taken for comparisons: 139.5885024210438 seconds.
 Starttime: 2026-03-24 15:07:02.403527 Endtime: 2026-03-24 15:09:21.990335
With GPU memory usage values (MiB): [[15269], [16665], [16665], [16665], [16665], [16669], [16669], [16669], [16669], [16669], [16669], [16669], [16669], [16669], [16669], [16669], [16669], [16669], [16669], [16669], [16669], [16669], [16669], [16669], [16669], [16669], [16669], [16669], [16669], [16669], [16669], [16669], [16669], [16669], [16669], [16669], [16669], [16669], [16669], [16669], [16669], [16669], [16669], [16669], [16669], [16669], [16669], [16669], [16669], [16669], [16669], [16669], [16669], [16669], [16669], [16669], [16669], [16669], [16669], [16669], [16669], [16669], [16669], [16669], [16669], [16669], [16669], [16669], [16669], [16669], [16669], [16669], [16669], [16669], [16669], [16669], [16669], [16669], [16669], [16669], [16669], [16669], [16669], [16669], [16669], [16669], [16669], [16669], [16669], [16669], [16669], [16669], [16669], [16669], [16669], [16669], [16669], [16669], [16669], [16669], [16669], [16669], [16669], [16669], [16669], [16669], [16669], [16669], [16669], [16669], [16669], [16669], [16669], [16669], [16669], [16669], [16669], [16669], [16669], [16669], [16669], [16669], [16669], [16669], [16669], [16669], [16669], [16669]]
GPU utilization values (%): [[0], [100], [100], [100], [100], [19], [20], [19], [19], [20], [19], [20], [20], [20], [20], [19], [20], [20], [20], [20], [19], [20], [19], [20], [20], [20], [20], [20], [20], [19], [20], [20], [20], [20], [20], [20], [20], [20], [20], [20], [20], [20], [20], [19], [20], [20], [20], [20], [20], [20], [20], [20], [20], [20], [20], [20], [20], [19], [20], [20], [20], [20], [20], [20], [20], [20], [21], [20], [21], [21], [20], [21], [20], [20], [20], [21], [20], [20], [21], [20], [21], [21], [21], [21], [21], [21], [21], [21], [21], [20], [21], [20], [21], [21], [21], [21], [21], [21], [20], [21], [20], [21], [21], [21], [21], [21], [21], [21], [21], [21], [21], [21], [21], [21], [21], [21], [20], [21], [20], [22], [21], [21], [21], [20], [21], [21], [21], [21]]
Power draw values (W): [[71.38], [261.6], [263.96], [260.62], [267.31], [87.4], [86.31], [87.38], [92.7], [87.88], [88.17], [86.83], [92.64], [88.97], [87.7], [88.18], [92.65], [96.15], [89.3], [88.56], [90.25], [88.02], [87.89], [86.81], [89.08], [87.47], [92.3], [88.72], [89.18], [89.36], [85.63], [87.9], [92.64], [91.81], [90.47], [93.88], [88.49], [86.3], [87.76], [93.01], [94.09], [89.52], [92.33], [86.59], [89.54], [87.5], [89.61], [96.7], [93.93], [98.75], [87.41], [94.23], [88.36], [94.48], [89.78], [88.47], [90.47], [87.41], [92.75], [93.79], [91.46], [91.63], [89.11], [93.68], [94.39], [89.63], [90.96], [90.37], [97.36], [91.57], [90.23], [88.38], [93.59], [90.18], [94.31], [95.28], [92.3], [88.7], [88.7], [92.42], [87.99], [91.13], [95.82], [96.95], [92.27], [100.17], [97.06], [95.1], [90.35], [87.7], [92.15], [89.67], [88.96], [92.17], [104.19], [89.69], [86.89], [89.37], [88.87], [90.05], [92.48], [93.36], [90.51], [103.68], [96.18], [106.35], [91.86], [88.47], [90.08], [92.16], [102.3], [95.09], [93.02], [88.07], [90.04], [89.32], [88.38], [94.88], [91.18], [96.38], [88.96], [92.22], [105.56], [99.87], [97.09], [91.13], [93.11], [99.9]]

In total for 1 requests: Time taken for comparisons: 139.5889861676842 seconds.
 With avg GPU memory usage values (MiB): 16657.9375
avg GPU utilization values (%): 22.818897637795274
avg Power draw values (W): 97.08204724409447
