--- Starting comparisons --- 
Initial GPU memory loaded: [22327] MiB
Of total GPU memory: [95830] MiB

promptBaseline of the 10 requests: 
Time taken for comparisons: 7.681972064077854 seconds.
 Starttime: 2026-03-26 09:38:14.382742 Endtime: 2026-03-26 09:38:22.061534
With GPU memory usage values (MiB): [[22525], [22531], [22535], [22541], [22547], [22553], [22559]]
GPU utilization values (%): [[36], [33], [36], [36], [36], [36], [28]]
Power draw values (W): [[118.67], [146.02], [148.32], [148.19], [147.73], [147.9], [137.78]]

prompt2 of the 10 requests: 
Time taken for comparisons: 45.9080769950524 seconds.
 Starttime: 2026-03-26 09:38:22.066763 Endtime: 2026-03-26 09:39:07.957772
With GPU memory usage values (MiB): [[23423], [23423], [23423], [23427], [23433], [23439], [23445], [23449], [23455], [23463], [23465], [23471], [23475], [23485], [23487], [23491], [23499], [23505], [23511], [23517], [23523], [23527], [23531], [23539], [23541], [23551], [23551], [23563], [23567], [23569]]
GPU utilization values (%): [[24], [23], [23], [27], [23], [22], [22], [23], [25], [27], [25], [24], [28], [26], [28], [28], [28], [29], [24], [26], [28], [23], [21], [23], [26], [24], [26], [26], [23], [25]]
Power draw values (W): [[130.44], [129.07], [130.83], [132.11], [130.65], [130.68], [129.62], [130.88], [131.53], [127.93], [130.92], [131.62], [133.08], [131.94], [134.14], [133.39], [134.34], [129.12], [132.11], [128.46], [130.92], [130.43], [131.43], [133.68], [132.8], [133.13], [131.01], [132.02], [129.91], [131.23]]

prompt1 of the 10 requests: 
Time taken for comparisons: 62.83051017089747 seconds.
 Starttime: 2026-03-26 09:38:22.065832 Endtime: 2026-03-26 09:39:24.890395
With GPU memory usage values (MiB): [[23423], [23423], [23423], [23425], [23431], [23437], [23443], [23447], [23453], [23457], [23463], [23467], [23473], [23477], [23485], [23489], [23495], [23503], [23509], [23515], [23521], [23527], [23531], [23539], [23541], [23551], [23551], [23559], [23567], [23567], [23577], [23577], [23577], [23577], [23581], [23581], [23581], [23595], [23603], [23605], [23605], [23609], [23613]]
GPU utilization values (%): [[24], [22], [20], [20], [26], [28], [27], [30], [28], [29], [26], [23], [27], [25], [25], [25], [20], [22], [24], [23], [25], [29], [24], [23], [26], [24], [26], [28], [28], [27], [25], [24], [23], [21], [24], [27], [28], [28], [28], [29], [25], [28], [20]]
Power draw values (W): [[131.68], [130.96], [130.95], [132.11], [132.69], [133.17], [132.99], [134.63], [132.78], [132.24], [129.96], [129.65], [131.83], [131.62], [130.56], [132.4], [129.97], [129.69], [132.84], [130.14], [133.16], [132.93], [132.7], [133.09], [132.8], [133.13], [132.37], [134.12], [133.3], [131.67], [130.42], [130.35], [130.86], [133.46], [133.59], [133.69], [135.05], [134.07], [132.16], [133.57], [131.92], [132.94], [129.24]]

prompt7 of the 10 requests: 
Time taken for comparisons: 65.67014709999785 seconds.
 Starttime: 2026-03-26 09:38:22.070508 Endtime: 2026-03-26 09:39:27.740268
With GPU memory usage values (MiB): [[23423], [23423], [23423], [23425], [23431], [23435], [23441], [23445], [23449], [23455], [23463], [23465], [23471], [23477], [23485], [23489], [23495], [23503], [23509], [23515], [23521], [23527], [23531], [23539], [23541], [23551], [23553], [23563], [23567], [23569], [23577], [23577], [23577], [23577], [23581], [23581], [23583], [23599], [23605], [23605], [23609], [23613], [23613], [23613]]
GPU utilization values (%): [[24], [22], [25], [29], [30], [29], [28], [25], [25], [25], [24], [25], [27], [25], [24], [26], [25], [26], [26], [23], [25], [27], [24], [23], [27], [24], [25], [26], [26], [27], [26], [30], [31], [31], [27], [27], [27], [24], [27], [22], [24], [21], [22], [23]]
Power draw values (W): [[131.68], [130.96], [131.59], [135.42], [133.93], [130.76], [130.4], [129.4], [129.41], [130.78], [127.8], [130.0], [131.83], [131.62], [130.47], [130.64], [129.5], [129.69], [132.84], [130.14], [132.07], [132.11], [132.7], [133.68], [133.0], [132.54], [131.01], [132.02], [131.23], [132.65], [134.36], [136.0], [132.51], [131.83], [132.96], [133.32], [132.03], [130.72], [132.72], [133.13], [133.9], [130.38], [132.08], [131.11]]

prompt5 of the 10 requests: 
Time taken for comparisons: 69.61715477821417 seconds.
 Starttime: 2026-03-26 09:38:22.069929 Endtime: 2026-03-26 09:39:31.681519
With GPU memory usage values (MiB): [[23423], [23423], [23423], [23425], [23431], [23437], [23441], [23447], [23451], [23457], [23463], [23465], [23471], [23475], [23485], [23489], [23493], [23501], [23507], [23513], [23517], [23525], [23531], [23533], [23541], [23545], [23551], [23555], [23563], [23567], [23577], [23577], [23577], [23577], [23581], [23581], [23583], [23597], [23605], [23605], [23605], [23613], [23613], [23613], [23613], [23613], [23613]]
GPU utilization values (%): [[24], [22], [20], [20], [27], [29], [28], [28], [26], [25], [24], [25], [26], [25], [26], [25], [21], [25], [28], [28], [30], [29], [29], [27], [29], [28], [23], [24], [26], [20], [22], [25], [24], [21], [24], [27], [28], [24], [27], [26], [26], [21], [22], [23], [28], [26], [28]]
Power draw values (W): [[131.68], [129.99], [130.91], [132.76], [134.08], [134.78], [133.45], [130.9], [129.58], [130.12], [127.8], [130.55], [131.62], [132.11], [131.01], [132.4], [130.99], [132.25], [133.49], [134.13], [132.03], [132.33], [131.89], [130.23], [131.45], [132.37], [130.4], [130.04], [131.19], [128.61], [130.72], [131.95], [131.63], [132.0], [133.59], [133.69], [133.48], [132.12], [133.18], [134.15], [134.46], [131.1], [132.08], [131.11], [133.11], [135.22], [133.62]]

prompt6 of the 10 requests: 
Time taken for comparisons: 75.41520825913176 seconds.
 Starttime: 2026-03-26 09:38:22.070157 Endtime: 2026-03-26 09:39:37.484948
With GPU memory usage values (MiB): [[23423], [23423], [23423], [23425], [23431], [23439], [23445], [23449], [23453], [23459], [23463], [23467], [23473], [23479], [23485], [23489], [23495], [23501], [23507], [23513], [23517], [23525], [23529], [23531], [23541], [23541], [23551], [23551], [23561], [23567], [23569], [23577], [23577], [23577], [23581], [23581], [23581], [23585], [23599], [23605], [23605], [23609], [23613], [23613], [23613], [23613], [23613], [23613], [23613], [23613], [23613], [23613], [23613]]
GPU utilization values (%): [[24], [22], [20], [20], [26], [24], [29], [27], [29], [28], [28], [27], [28], [24], [24], [26], [20], [25], [28], [28], [30], [26], [29], [28], [27], [27], [24], [26], [26], [26], [27], [26], [29], [28], [28], [29], [29], [26], [20], [25], [22], [24], [21], [22], [26], [27], [29], [26], [27], [26], [27], [28], [27]]
Power draw values (W): [[130.44], [129.99], [130.91], [132.11], [132.03], [131.22], [130.68], [134.31], [132.46], [132.65], [131.42], [130.57], [131.17], [130.92], [130.56], [131.61], [129.97], [132.25], [133.49], [134.97], [132.19], [131.65], [130.98], [131.22], [133.93], [133.0], [133.13], [131.01], [132.02], [131.23], [132.65], [134.36], [135.04], [136.05], [135.29], [134.27], [133.39], [132.09], [130.72], [132.73], [133.13], [133.9], [130.38], [132.08], [131.97], [134.19], [135.88], [134.14], [134.44], [134.64], [133.94], [134.08], [134.88]]

prompt10 of the 10 requests: 
Time taken for comparisons: 76.36942925979383 seconds.
 Starttime: 2026-03-26 09:38:22.073101 Endtime: 2026-03-26 09:39:38.440918
With GPU memory usage values (MiB): [[23423], [23423], [23423], [23425], [23429], [23433], [23439], [23445], [23449], [23455], [23463], [23465], [23471], [23475], [23481], [23487], [23491], [23499], [23503], [23511], [23517], [23523], [23527], [23531], [23539], [23541], [23549], [23551], [23557], [23567], [23567], [23577], [23577], [23577], [23577], [23581], [23581], [23581], [23597], [23605], [23605], [23605], [23613], [23613], [23613], [23613], [23613], [23613], [23613], [23613], [23613], [23613], [23613], [23613]]
GPU utilization values (%): [[24], [26], [29], [30], [29], [23], [22], [22], [23], [25], [27], [25], [26], [28], [28], [28], [29], [30], [22], [26], [26], [26], [23], [21], [23], [26], [30], [30], [28], [26], [24], [22], [23], [24], [26], [28], [29], [28], [28], [26], [26], [26], [27], [23], [29], [30], [30], [28], [29], [29], [31], [30], [29], [29]]
Power draw values (W): [[131.68], [135.05], [133.69], [134.68], [130.31], [130.65], [130.68], [129.48], [130.88], [131.53], [128.82], [130.92], [132.45], [133.44], [131.94], [134.24], [132.37], [131.51], [129.68], [132.11], [128.46], [131.72], [130.52], [131.43], [133.68], [132.8], [133.19], [132.53], [131.07], [130.7], [128.1], [130.94], [131.95], [131.63], [133.46], [133.82], [133.93], [134.55], [133.09], [133.18], [134.15], [135.17], [131.25], [134.46], [134.54], [132.47], [133.52], [134.2], [133.59], [133.96], [134.17], [134.98], [135.8], [135.77]]

prompt9 of the 10 requests: 
Time taken for comparisons: 79.49398298910819 seconds.
 Starttime: 2026-03-26 09:38:22.072776 Endtime: 2026-03-26 09:39:41.566472
With GPU memory usage values (MiB): [[23423], [23423], [23423], [23427], [23433], [23439], [23445], [23449], [23455], [23463], [23465], [23471], [23475], [23485], [23489], [23493], [23499], [23507], [23511], [23517], [23525], [23527], [23531], [23539], [23541], [23551], [23551], [23559], [23567], [23567], [23577], [23577], [23577], [23577], [23581], [23581], [23583], [23599], [23605], [23605], [23605], [23613], [23613], [23613], [23613], [23613], [23613], [23613], [23613], [23613], [23613], [23613], [23613], [23613], [23613], [23613]]
GPU utilization values (%): [[24], [22], [20], [27], [23], [22], [22], [23], [25], [18], [25], [26], [25], [26], [25], [21], [28], [27], [27], [26], [28], [23], [21], [23], [26], [24], [28], [28], [28], [27], [26], [23], [23], [21], [24], [27], [28], [24], [27], [26], [26], [27], [29], [30], [30], [28], [25], [25], [30], [30], [29], [29], [31], [30], [30], [31]]
Power draw values (W): [[130.44], [129.99], [130.95], [132.11], [130.65], [130.1], [129.62], [129.41], [130.78], [127.82], [130.92], [131.62], [133.08], [131.01], [132.4], [132.12], [134.33], [130.53], [131.8], [128.54], [130.92], [130.43], [131.43], [133.68], [132.8], [133.13], [133.05], [135.23], [133.77], [130.63], [129.85], [130.35], [130.86], [132.0], [133.59], [133.69], [133.48], [132.12], [132.72], [132.89], [135.17], [132.13], [135.0], [133.21], [131.33], [132.62], [135.35], [132.74], [135.24], [134.23], [134.68], [134.05], [134.6], [135.28], [136.31], [136.57]]

prompt4 of the 10 requests: 
Time taken for comparisons: 86.46948181604967 seconds.
 Starttime: 2026-03-26 09:38:22.068416 Endtime: 2026-03-26 09:39:48.534170
With GPU memory usage values (MiB): [[23423], [23423], [23423], [23425], [23431], [23437], [23443], [23449], [23453], [23459], [23465], [23469], [23473], [23479], [23485], [23489], [23495], [23503], [23507], [23513], [23519], [23527], [23531], [23533], [23541], [23545], [23551], [23555], [23563], [23567], [23571], [23577], [23577], [23577], [23581], [23581], [23581], [23593], [23603], [23605], [23605], [23609], [23613], [23613], [23613], [23613], [23613], [23613], [23613], [23613], [23613], [23613], [23613], [23613], [23613], [23613], [23613], [23613], [23613], [23613], [23613], [23613]]
GPU utilization values (%): [[24], [22], [20], [20], [26], [28], [27], [27], [29], [27], [27], [28], [27], [28], [24], [26], [20], [22], [28], [28], [26], [25], [26], [27], [29], [28], [22], [24], [26], [23], [25], [25], [24], [26], [24], [27], [27], [31], [30], [29], [28], [25], [24], [26], [23], [24], [26], [25], [30], [26], [29], [27], [26], [27], [27], [27], [32], [30], [27], [29], [28], [27]]
Power draw values (W): [[131.68], [130.96], [130.91], [132.76], [132.69], [131.81], [131.52], [132.39], [133.18], [133.41], [134.54], [132.46], [131.17], [131.2], [130.47], [131.61], [129.97], [131.2], [133.71], [134.13], [133.19], [132.91], [131.87], [130.8], [131.45], [133.32], [131.28], [130.53], [132.02], [129.91], [131.23], [132.69], [132.75], [134.51], [133.59], [134.91], [135.54], [133.19], [130.29], [133.26], [131.89], [133.15], [129.24], [131.68], [130.8], [133.11], [135.41], [132.74], [133.81], [134.23], [134.68], [133.64], [134.6], [134.39], [136.31], [135.99], [137.66], [136.84], [137.78], [139.0], [137.19], [138.15]]

prompt8 of the 10 requests: 
Time taken for comparisons: 88.54069288796745 seconds.
 Starttime: 2026-03-26 09:38:22.070838 Endtime: 2026-03-26 09:39:50.611037
With GPU memory usage values (MiB): [[23423], [23423], [23423], [23427], [23433], [23439], [23445], [23449], [23455], [23461], [23465], [23469], [23475], [23481], [23487], [23489], [23495], [23503], [23509], [23513], [23519], [23527], [23531], [23533], [23541], [23547], [23551], [23555], [23563], [23567], [23569], [23577], [23577], [23577], [23581], [23581], [23581], [23589], [23599], [23605], [23605], [23609], [23613], [23613], [23613], [23613], [23613], [23613], [23613], [23613], [23613], [23613], [23613], [23613], [23613], [23613], [23613], [23613], [23613], [23613], [23613], [23613], [23613], [23613]]
GPU utilization values (%): [[24], [22], [20], [27], [23], [22], [22], [25], [26], [27], [29], [27], [28], [28], [27], [25], [25], [22], [24], [24], [26], [25], [26], [27], [27], [26], [23], [24], [26], [23], [25], [26], [24], [29], [28], [29], [30], [26], [20], [25], [22], [25], [24], [26], [23], [28], [26], [28], [30], [30], [29], [29], [31], [30], [30], [31], [32], [31], [32], [29], [30], [32], [31], [35]]
Power draw values (W): [[130.44], [129.99], [130.95], [132.11], [130.65], [130.68], [129.62], [132.59], [132.8], [130.83], [133.81], [132.93], [133.05], [131.77], [130.51], [130.35], [129.5], [129.69], [132.84], [133.07], [133.19], [132.91], [131.87], [130.86], [131.25], [132.22], [130.4], [130.04], [131.19], [128.61], [131.23], [134.27], [133.33], [134.51], [133.94], [136.4], [135.27], [131.62], [130.97], [132.73], [132.53], [133.15], [129.84], [131.68], [130.8], [133.11], [135.41], [133.4], [135.24], [135.2], [135.92], [134.05], [135.49], [135.28], [137.16], [136.57], [138.05], [137.65], [138.4], [138.81], [137.5], [139.59], [138.04], [145.5]]

prompt3 of the 10 requests: 
Time taken for comparisons: 92.31292562792078 seconds.
 Starttime: 2026-03-26 09:38:22.068151 Endtime: 2026-03-26 09:39:54.380457
With GPU memory usage values (MiB): [[23423], [23423], [23423], [23427], [23431], [23439], [23445], [23449], [23455], [23463], [23465], [23469], [23473], [23479], [23487], [23489], [23495], [23503], [23507], [23513], [23519], [23527], [23531], [23537], [23541], [23547], [23551], [23555], [23565], [23567], [23577], [23577], [23577], [23577], [23581], [23581], [23583], [23595], [23603], [23605], [23605], [23613], [23613], [23613], [23613], [23613], [23613], [23613], [23613], [23613], [23613], [23613], [23613], [23613], [23613], [23613], [23613], [23613], [23613], [23613], [23613], [23613], [23613], [23613], [23613], [23613], [23613]]
GPU utilization values (%): [[24], [22], [20], [27], [26], [22], [22], [23], [25], [18], [24], [27], [27], [28], [27], [25], [25], [26], [24], [23], [27], [29], [28], [29], [28], [27], [23], [27], [26], [20], [22], [25], [24], [26], [24], [27], [28], [28], [26], [29], [26], [21], [23], [28], [30], [27], [28], [27], [29], [31], [28], [28], [30], [31], [30], [29], [31], [31], [31], [31], [31], [30], [36], [34], [36], [36], [0]]
Power draw values (W): [[130.44], [130.96], [130.95], [132.11], [132.03], [130.68], [129.62], [131.43], [131.53], [127.93], [132.39], [132.97], [132.85], [131.01], [130.46], [130.64], [129.5], [130.35], [133.4], [131.74], [133.16], [132.93], [132.7], [133.18], [131.91], [133.05], [130.67], [129.72], [131.19], [128.1], [130.68], [132.69], [131.63], [133.46], [133.59], [133.93], [134.55], [133.09], [133.9], [134.15], [135.17], [131.1], [133.96], [133.91], [132.91], [133.48], [134.11], [134.21], [134.48], [134.11], [134.08], [135.42], [135.06], [135.42], [135.07], [136.04], [137.65], [137.2], [137.71], [139.74], [138.11], [137.13], [142.62], [146.11], [149.25], [150.29], [130.52]]

In total for 10 requests: Time taken for comparisons: 92.31644230987877 seconds.
With avg GPU memory usage values (MiB): 23536.669230769232
avg GPU utilization values (%): 26.052023121387283
avg Power draw values (W): 132.6413461538463
