--- Starting comparisons --- 
Initial GPU memory loaded: [62761] MiB
Of total GPU memory: [81920] MiB

prompt1 of the 10 requests: 
Time taken for comparisons: 112.62993444874883 seconds.
 Starttime: 2026-04-08 00:26:21.820627 Endtime: 2026-04-08 00:28:14.447747
With GPU memory usage values (MiB): [[62945], [64451], [64451], [64451], [65303], [65829], [65829], [65829], [65829], [65829], [65829], [65829], [65829], [65831], [65831], [65831], [65831], [65831], [65831], [65831], [65831], [65831], [65831], [65831], [65831], [65831], [65831], [65831], [65831], [65831], [65831], [65831], [65831], [65831], [65831], [65831], [65831], [65831], [65831], [65831], [65831], [65831], [65831], [65831], [65831], [65831], [65831], [65831], [65831], [65831], [65831], [65831], [65831], [65831], [65831], [65831], [65831], [65831], [65831], [65831], [65831], [65831], [65831], [65831], [65831], [65831], [65831], [65831], [65831], [65831], [65831], [65831], [65831], [65831], [65831], [65831], [65831], [65831], [65831], [65831], [65831], [65831], [65831], [65831], [65831], [65831], [65831], [65831], [65831], [65831], [65831], [65831], [65831], [65831], [65831], [65831], [65831], [65831], [65831], [65831], [65831], [65831], [65831]]
GPU utilization values (%): [[0], [0], [0], [0], [0], [64], [100], [100], [100], [100], [100], [100], [0], [20], [20], [20], [20], [20], [20], [19], [20], [19], [20], [20], [20], [20], [19], [20], [20], [20], [20], [20], [20], [19], [21], [20], [20], [20], [20], [20], [20], [21], [20], [20], [20], [20], [20], [19], [20], [19], [20], [21], [20], [20], [20], [20], [21], [20], [20], [20], [21], [21], [20], [21], [20], [21], [21], [21], [20], [20], [19], [21], [21], [21], [20], [20], [21], [21], [20], [21], [20], [21], [21], [21], [21], [21], [19], [21], [21], [21], [21], [20], [21], [21], [21], [21], [21], [21], [20], [21], [21], [21], [0]]
Power draw values (W): [[83.07], [83.07], [83.17], [82.98], [82.08], [228.52], [218.15], [219.02], [219.72], [219.72], [224.73], [248.54], [85.47], [101.81], [100.14], [99.72], [98.23], [103.84], [102.37], [102.26], [98.63], [101.96], [100.9], [99.74], [97.25], [103.24], [103.63], [99.42], [102.47], [99.9], [99.91], [104.94], [106.2], [100.3], [102.28], [98.87], [100.69], [101.19], [99.62], [100.77], [103.63], [102.57], [111.27], [98.66], [98.95], [98.88], [105.56], [102.09], [101.27], [101.43], [102.27], [100.09], [104.17], [104.75], [105.25], [104.41], [100.84], [98.82], [107.13], [100.32], [103.8], [99.72], [100.42], [101.32], [107.01], [101.69], [100.73], [104.84], [103.57], [99.09], [108.57], [101.95], [99.81], [106.16], [99.62], [105.54], [107.19], [103.03], [100.46], [100.41], [101.01], [101.99], [100.16], [101.81], [105.61], [106.14], [104.76], [101.73], [99.74], [100.33], [107.29], [102.48], [101.02], [101.69], [101.39], [101.2], [110.26], [102.76], [102.98], [104.26], [100.8], [101.57], [84.95]]

In total for 1 requests: Time taken for comparisons: 112.63029571529478 seconds.
 With avg GPU memory usage values (MiB): 65757.50485436893
avg GPU utilization values (%): 25.729166666666668
avg Power draw values (W): 109.33728155339807
