--- Starting comparisons --- 
Initial GPU memory loaded: [62761] MiB
Of total GPU memory: [81920] MiB

promptBaseline of the 10 requests: 
Time taken for comparisons: 10.786037866026163 seconds.
 Starttime: 2026-04-08 00:05:12.595882 Endtime: 2026-04-08 00:05:23.381546
With GPU memory usage values (MiB): [[62837], [62859], [62859], [62861], [62861], [62861], [62863], [62863], [62863], [62865]]
GPU utilization values (%): [[0], [0], [0], [34], [0], [18], [18], [18], [18], [18]]
Power draw values (W): [[83.27], [83.46], [83.27], [83.16], [94.39], [94.2], [102.49], [97.3], [95.36], [83.17]]

prompt1 of the 10 requests: 
Time taken for comparisons: 5.4272997714579105 seconds.
 Starttime: 2026-04-08 00:05:23.382100 Endtime: 2026-04-08 00:05:28.809026
With GPU memory usage values (MiB): [[62865], [62865], [62865], [62865], [62865]]
GPU utilization values (%): [[18], [18], [17], [18], [0]]
Power draw values (W): [[94.11], [93.74], [98.56], [96.36], [83.17]]

prompt2 of the 10 requests: 
Time taken for comparisons: 4.324757290072739 seconds.
 Starttime: 2026-04-08 00:05:28.809579 Endtime: 2026-04-08 00:05:33.133962
With GPU memory usage values (MiB): [[62865], [62865], [62865], [62865]]
GPU utilization values (%): [[18], [18], [17], [9]]
Power draw values (W): [[94.2], [99.73], [96.58], [83.46]]

prompt3 of the 10 requests: 
Time taken for comparisons: 199.56654805596918 seconds.
 Starttime: 2026-04-08 00:05:33.134510 Endtime: 2026-04-08 00:08:52.687079
With GPU memory usage values (MiB): [[62865], [62865], [62865], [62865], [62865], [62865], [62865], [62865], [62865], [62865], [62867], [62867], [62867], [62887], [62889], [62889], [62891], [62891], [62891], [62891], [62893], [62893], [62893], [62893], [62893], [62895], [62895], [62897], [62897], [62897], [62897], [62899], [62899], [62899], [62899], [62899], [62899], [62901], [62901], [62903], [62903], [62903], [62903], [62905], [62905], [62905], [62905], [62907], [62913], [62913], [62915], [62915], [62915], [62915], [62923], [62923], [62923], [62923], [62923], [62923], [62923], [62923], [62923], [62923], [62923], [62923], [62923], [62923], [62923], [62923], [62923], [62923], [62923], [62927], [62927], [62927], [62927], [62927], [62927], [62927], [62927], [62927], [62927], [62927], [62927], [62947], [62967], [62967], [62967], [62967], [62967], [62967], [62967], [62967], [62967], [62967], [62967], [62967], [62967], [62967], [62967], [62967], [62967], [62967], [62967], [62967], [62967], [62967], [62979], [62979], [62979], [62979], [62979], [62979], [62979], [62979], [62991], [62991], [62991], [62991], [62991], [62991], [62991], [62991], [62991], [62991], [62991], [62991], [62991], [62991], [62991], [63005], [63005], [63005], [63005], [63005], [63005], [63005], [63005], [63005], [63005], [63005], [63005], [63005], [63005], [63005], [63005], [63005], [63005], [63005], [63005], [63019], [63019], [63019], [63035], [63035], [63035], [63035], [63035], [63035], [63035], [63035], [63035], [63035], [63035], [63035], [63035], [63035], [63035], [63035], [63035], [63035], [63035], [63035], [63035], [63035], [63035], [63053], [63053], [63053], [63053]]
GPU utilization values (%): [[18], [18], [18], [18], [18], [18], [18], [18], [18], [18], [17], [18], [18], [18], [18], [17], [18], [18], [18], [18], [17], [18], [18], [18], [18], [18], [18], [18], [18], [18], [18], [18], [18], [18], [17], [18], [19], [18], [18], [18], [19], [18], [19], [18], [19], [18], [19], [19], [19], [18], [18], [19], [19], [19], [19], [18], [19], [19], [19], [19], [19], [19], [18], [19], [19], [19], [19], [19], [19], [18], [19], [19], [19], [19], [19], [19], [18], [19], [19], [19], [19], [0], [19], [19], [19], [18], [19], [19], [19], [19], [18], [19], [18], [19], [19], [19], [19], [19], [19], [18], [19], [18], [19], [19], [19], [19], [18], [20], [19], [19], [19], [19], [19], [19], [19], [19], [19], [19], [19], [19], [19], [19], [20], [19], [20], [19], [20], [20], [19], [19], [19], [20], [20], [20], [19], [19], [20], [19], [20], [20], [20], [20], [19], [20], [20], [20], [20], [19], [20], [20], [20], [20], [20], [20], [19], [20], [20], [20], [20], [20], [20], [19], [20], [19], [20], [20], [20], [20], [20], [20], [19], [20], [19], [20], [20], [20], [20], [19], [20], [20], [0]]
Power draw values (W): [[94.21], [96.09], [94.57], [98.37], [95.35], [94.13], [95.81], [96.41], [94.9], [103.91], [96.96], [95.7], [95.47], [101.59], [98.35], [95.49], [94.01], [94.51], [95.32], [98.0], [98.91], [95.91], [95.25], [96.87], [97.81], [99.9], [99.81], [102.71], [96.86], [96.26], [95.79], [95.69], [100.54], [107.2], [97.94], [96.54], [96.19], [98.33], [96.88], [96.88], [111.22], [99.04], [96.21], [97.17], [97.43], [96.08], [95.79], [102.32], [100.92], [100.52], [101.56], [95.96], [95.9], [95.26], [101.3], [98.23], [95.47], [99.01], [97.54], [99.85], [101.67], [100.4], [98.08], [99.47], [96.86], [97.58], [96.48], [102.48], [99.24], [98.06], [100.2], [96.67], [96.76], [96.59], [103.59], [99.31], [96.77], [103.89], [98.16], [97.83], [97.29], [97.28], [98.45], [104.71], [98.85], [97.98], [100.52], [97.73], [101.3], [103.57], [98.45], [99.39], [96.95], [98.12], [102.36], [99.02], [99.8], [99.79], [100.4], [96.86], [98.34], [98.72], [97.34], [102.96], [105.45], [100.1], [97.87], [98.16], [99.05], [103.0], [101.38], [99.42], [101.35], [98.68], [99.72], [103.34], [100.92], [101.23], [98.23], [99.74], [100.11], [97.14], [107.82], [99.9], [99.41], [99.47], [101.87], [102.96], [99.74], [103.45], [101.29], [97.37], [99.53], [102.89], [102.71], [101.23], [105.06], [97.46], [99.62], [98.95], [102.46], [102.59], [99.64], [106.57], [99.12], [103.66], [100.98], [101.23], [100.7], [101.19], [98.37], [101.13], [104.45], [101.69], [101.69], [100.8], [100.87], [109.85], [104.75], [100.05], [103.46], [101.14], [98.37], [100.11], [98.83], [100.45], [105.66], [102.38], [101.88], [99.62], [99.13], [105.26], [101.19], [99.39], [98.37], [104.03], [101.31], [98.65], [100.24], [104.45], [86.03]]

prompt4 of the 10 requests: 
Time taken for comparisons: 19.572340300306678 seconds.
 Starttime: 2026-04-08 00:08:52.711534 Endtime: 2026-04-08 00:09:12.283518
With GPU memory usage values (MiB): [[63053], [63053], [63053], [63053], [63053], [63053], [63053], [63053], [63053], [63053], [63053], [63053], [63053], [63053], [63053], [63053], [63053], [63053]]
GPU utilization values (%): [[18], [17], [18], [17], [18], [18], [18], [18], [17], [18], [18], [18], [18], [17], [18], [18], [18], [0]]
Power draw values (W): [[97.87], [96.98], [101.09], [97.94], [96.86], [110.75], [100.66], [98.98], [98.06], [102.26], [100.31], [99.8], [104.28], [96.69], [97.77], [98.04], [101.13], [85.53]]

prompt5 of the 10 requests: 
Time taken for comparisons: 5.391787641681731 seconds.
 Starttime: 2026-04-08 00:09:12.284060 Endtime: 2026-04-08 00:09:17.675523
With GPU memory usage values (MiB): [[63053], [63053], [63053], [63053], [63053]]
GPU utilization values (%): [[17], [18], [18], [18], [0]]
Power draw values (W): [[96.88], [96.08], [99.83], [96.46], [86.52]]

prompt6 of the 10 requests: 
Time taken for comparisons: 5.432878510095179 seconds.
 Starttime: 2026-04-08 00:09:17.676005 Endtime: 2026-04-08 00:09:23.108546
With GPU memory usage values (MiB): [[63053], [63053], [63053], [63053], [63053]]
GPU utilization values (%): [[18], [18], [18], [18], [1]]
Power draw values (W): [[107.81], [100.53], [98.43], [96.97], [85.63]]

prompt7 of the 10 requests: 
Time taken for comparisons: 8.690269718877971 seconds.
 Starttime: 2026-04-08 00:09:23.109043 Endtime: 2026-04-08 00:09:31.798973
With GPU memory usage values (MiB): [[63053], [63053], [63053], [63053], [63053], [63053], [63053], [63053]]
GPU utilization values (%): [[18], [18], [18], [17], [18], [18], [18], [0]]
Power draw values (W): [[97.83], [100.48], [97.55], [95.98], [95.86], [99.17], [101.42], [85.73]]

prompt8 of the 10 requests: 
Time taken for comparisons: 53.52738799992949 seconds.
 Starttime: 2026-04-08 00:09:31.799479 Endtime: 2026-04-08 00:10:25.326534
With GPU memory usage values (MiB): [[63053], [63053], [63053], [63053], [63053], [63053], [63053], [63053], [63053], [63053], [63053], [63053], [63053], [63053], [63053], [63053], [63053], [63053], [63053], [63053], [63053], [63053], [63053], [63053], [63053], [63053], [63053], [63053], [63053], [63053], [63053], [63053], [63053], [63053], [63053], [63053], [63053], [63053], [63053], [63053], [63053], [63053], [63053], [63053], [63053], [63053], [63053], [63053], [63053]]
GPU utilization values (%): [[17], [18], [18], [18], [18], [18], [18], [18], [18], [17], [18], [18], [18], [18], [17], [18], [18], [18], [18], [18], [18], [17], [18], [18], [18], [18], [18], [18], [18], [18], [17], [18], [17], [18], [18], [18], [18], [18], [18], [18], [18], [17], [19], [18], [18], [18], [18], [18], [0]]
Power draw values (W): [[97.49], [97.43], [97.08], [103.49], [101.3], [99.12], [97.39], [100.01], [97.76], [97.5], [99.47], [100.51], [98.15], [98.43], [97.87], [96.38], [108.93], [99.85], [100.24], [96.48], [98.46], [98.35], [96.38], [97.39], [100.88], [100.59], [98.64], [101.71], [98.48], [97.17], [96.87], [98.28], [96.77], [96.68], [100.81], [101.04], [99.62], [104.29], [99.8], [98.84], [98.78], [99.8], [101.63], [98.74], [98.26], [101.4], [98.2], [98.09], [86.03]]

prompt9 of the 10 requests: 
Time taken for comparisons: 6.487583303824067 seconds.
 Starttime: 2026-04-08 00:10:25.327113 Endtime: 2026-04-08 00:10:31.814362
With GPU memory usage values (MiB): [[63053], [63053], [63053], [63053], [63053], [63053]]
GPU utilization values (%): [[18], [18], [18], [18], [17], [0]]
Power draw values (W): [[107.54], [100.84], [97.87], [108.16], [97.67], [86.33]]

prompt10 of the 10 requests: 
Time taken for comparisons: 43.58079790789634 seconds.
 Starttime: 2026-04-08 00:10:31.814858 Endtime: 2026-04-08 00:11:15.392978
With GPU memory usage values (MiB): [[63053], [63053], [63053], [63053], [63053], [63053], [63053], [63053], [63053], [63053], [63053], [63053], [63053], [63053], [63053], [63053], [63053], [63053], [63053], [63053], [63053], [63053], [63053], [63053], [63053], [63053], [63053], [63053], [63053], [63053], [63053], [63053], [63053], [63053], [63053], [63053], [63053], [63053], [63053], [63053]]
GPU utilization values (%): [[18], [17], [18], [17], [18], [17], [18], [18], [18], [18], [18], [18], [17], [18], [18], [18], [18], [17], [18], [18], [18], [18], [18], [18], [17], [19], [18], [18], [18], [18], [18], [18], [18], [18], [18], [19], [18], [18], [18], [0]]
Power draw values (W): [[98.67], [98.23], [102.91], [97.54], [97.66], [98.22], [99.85], [101.23], [109.89], [98.66], [98.88], [96.96], [98.85], [100.73], [96.38], [97.37], [96.29], [96.91], [103.17], [99.53], [98.84], [103.19], [97.48], [95.59], [98.02], [101.7], [98.93], [98.33], [100.24], [98.46], [96.48], [105.46], [102.38], [96.68], [96.5], [97.33], [102.1], [100.69], [103.78], [86.13]]

In total for 10 requests: Time taken for comparisons: 352.01380227692425 seconds.
With avg GPU memory usage values (MiB): 62992.60124610592
avg GPU utilization values (%): 18.437299035369776
avg Power draw values (W): 99.026199376947
