--- Starting comparisons --- 
Initial GPU memory loaded: [12405] MiB
Of total GPU memory: [95830] MiB

prompt1 of the 10 requests: 
Time taken for comparisons: 102.15510847605765 seconds.
 Starttime: 2026-04-07 15:15:07.709819 Endtime: 2026-04-07 15:16:49.859834
With GPU memory usage values (MiB): [[12473], [12757], [14365], [14365], [14365], [14365], [14365], [14365], [14365], [14365], [14365], [14365], [14365], [14365], [14365], [14365], [14365], [14365], [14365], [14365], [14365], [14365], [14365], [14365], [14365], [14365], [14365], [14365], [14365], [14365], [14365], [14365], [14365], [14365], [14365], [14365], [14365], [14365], [14365], [14365], [14365], [14365], [14365], [14365], [14365], [14365], [14365], [14365], [14365], [14365], [14365], [14365], [14365], [14365], [14365], [14365], [14365], [14365], [14365], [14365], [14365], [14365], [14365], [14365], [14365], [14365], [14365], [14365], [14365], [14365], [14365], [14365], [14365], [14365], [14365], [14365], [14365], [14365], [14365], [14365], [14365], [14365], [14365], [14365], [14365], [14365], [14365], [14365], [14365], [14365], [14365], [14365], [14365]]
GPU utilization values (%): [[0], [0], [14], [18], [18], [19], [19], [19], [18], [18], [19], [18], [18], [19], [18], [18], [18], [18], [19], [18], [18], [18], [18], [18], [18], [18], [18], [18], [19], [19], [18], [18], [18], [18], [19], [18], [18], [18], [18], [18], [19], [18], [18], [18], [19], [18], [18], [18], [19], [18], [18], [19], [16], [18], [19], [18], [18], [18], [18], [19], [18], [18], [16], [19], [19], [18], [19], [18], [18], [19], [19], [19], [19], [18], [18], [18], [18], [18], [19], [16], [18], [17], [18], [18], [19], [18], [18], [18], [18], [18], [19], [18], [18]]
Power draw values (W): [[85.55], [88.81], [140.25], [99.97], [99.73], [100.06], [100.17], [100.4], [100.35], [99.76], [99.71], [99.7], [100.41], [99.94], [99.28], [100.19], [99.99], [100.13], [100.34], [100.2], [100.15], [99.92], [99.95], [100.4], [100.19], [100.04], [100.1], [100.4], [100.3], [100.24], [100.01], [99.83], [100.43], [99.94], [100.32], [99.79], [100.39], [100.71], [99.97], [100.62], [100.51], [100.88], [100.28], [100.64], [100.7], [100.78], [100.34], [100.18], [100.73], [99.91], [100.45], [100.79], [100.23], [100.81], [100.66], [99.93], [100.72], [100.23], [100.55], [100.2], [100.54], [100.18], [100.25], [100.83], [100.76], [99.97], [100.43], [100.63], [100.58], [100.43], [100.06], [100.66], [100.94], [100.45], [100.39], [100.58], [100.09], [100.27], [100.26], [100.55], [100.63], [100.12], [100.44], [99.96], [101.0], [100.34], [100.66], [100.37], [100.17], [100.44], [99.99], [99.99], [100.15]]

In total for 1 requests: Time taken for comparisons: 102.1554741030559 seconds.
 With avg GPU memory usage values (MiB): 14327.36559139785
avg GPU utilization values (%): 18.153846153846153
avg Power draw values (W): 100.44376344086024
