--- Starting comparisons --- 
Initial GPU memory loaded: [11177] MiB
Of total GPU memory: [40960] MiB

promptBaseline of the 10 requests: 
Time taken for comparisons: 12.341864275746047 seconds.
 Starttime: 2026-03-12 13:56:36.585414 Endtime: 2026-03-12 13:56:48.926997
With GPU memory usage values (MiB): [[11205], [11215], [11225], [11229]]
GPU utilization values (%): [[7], [40], [39], [0]]
Power draw values (W): [[68.61], [72.35], [82.29], [34.57]]

prompt7 of the 10 requests: 
Time taken for comparisons: 96.9003391508013 seconds.
 Starttime: 2026-03-12 13:56:48.935927 Endtime: 2026-03-12 13:58:25.830628
With GPU memory usage values (MiB): [[11303], [11309], [11317], [11325], [11333], [11341], [11349], [11355], [11363], [11369], [11381], [11389], [11393], [11399], [11407], [11413], [11421], [11431], [11439], [11447], [11455], [11457], [11471], [11475], [11481], [11495], [11497], [11497]]
GPU utilization values (%): [[31], [38], [38], [39], [35], [39], [40], [43], [45], [39], [41], [45], [45], [40], [40], [38], [38], [36], [38], [38], [39], [39], [36], [36], [35], [38], [38], [37]]
Power draw values (W): [[44.91], [60.52], [58.48], [52.71], [55.76], [54.96], [57.53], [58.89], [59.29], [55.13], [55.76], [57.21], [58.0], [56.23], [52.18], [54.24], [54.93], [56.03], [50.62], [52.55], [51.79], [50.61], [56.01], [61.08], [52.76], [49.91], [57.8], [54.57]]

prompt1 of the 10 requests: 
Time taken for comparisons: 111.06336015742272 seconds.
 Starttime: 2026-03-12 13:56:48.927608 Endtime: 2026-03-12 13:58:39.988322
With GPU memory usage values (MiB): [[11303], [11309], [11317], [11325], [11333], [11341], [11349], [11355], [11361], [11369], [11379], [11387], [11393], [11399], [11407], [11413], [11423], [11431], [11441], [11447], [11457], [11461], [11473], [11477], [11491], [11497], [11497], [11497], [11497], [11499], [11503], [11511]]
GPU utilization values (%): [[31], [41], [38], [39], [40], [36], [40], [39], [35], [36], [41], [39], [45], [40], [39], [39], [41], [36], [36], [37], [39], [36], [39], [38], [40], [40], [37], [37], [38], [40], [36], [40]]
Power draw values (W): [[44.91], [52.11], [58.48], [52.99], [55.76], [57.52], [52.98], [56.31], [59.29], [55.12], [54.44], [57.21], [54.06], [56.23], [54.46], [54.78], [54.64], [57.44], [50.94], [55.91], [56.41], [53.18], [57.31], [57.31], [56.67], [55.13], [56.12], [55.44], [56.24], [56.03], [53.76], [54.76]]

prompt2 of the 10 requests: 
Time taken for comparisons: 112.72113662119955 seconds.
 Starttime: 2026-03-12 13:56:48.927788 Endtime: 2026-03-12 13:58:41.648095
With GPU memory usage values (MiB): [[11303], [11309], [11317], [11325], [11333], [11341], [11349], [11355], [11361], [11369], [11379], [11387], [11393], [11399], [11407], [11413], [11419], [11427], [11437], [11445], [11453], [11457], [11465], [11473], [11479], [11493], [11497], [11497], [11497], [11497], [11503], [11511], [11511]]
GPU utilization values (%): [[31], [41], [38], [39], [35], [36], [38], [39], [35], [36], [41], [39], [40], [38], [38], [39], [38], [36], [35], [38], [38], [37], [36], [35], [38], [36], [36], [37], [40], [39], [38], [36], [37]]
Power draw values (W): [[44.91], [52.21], [56.24], [52.71], [55.76], [57.52], [56.33], [56.31], [57.2], [55.12], [54.44], [57.7], [53.57], [49.94], [55.47], [52.07], [57.84], [53.39], [54.28], [53.19], [49.45], [54.13], [54.85], [53.28], [57.71], [51.88], [55.83], [51.29], [57.62], [58.01], [58.03], [57.61], [53.78]]

prompt9 of the 10 requests: 
Time taken for comparisons: 116.27293452713639 seconds.
 Starttime: 2026-03-12 13:56:48.938275 Endtime: 2026-03-12 13:58:45.210926
With GPU memory usage values (MiB): [[11303], [11309], [11317], [11325], [11333], [11341], [11349], [11355], [11361], [11369], [11379], [11387], [11393], [11399], [11407], [11413], [11421], [11431], [11439], [11445], [11453], [11457], [11471], [11475], [11481], [11495], [11497], [11497], [11497], [11497], [11503], [11511], [11511], [11511]]
GPU utilization values (%): [[31], [38], [38], [39], [35], [36], [40], [43], [45], [39], [41], [39], [45], [40], [40], [38], [39], [39], [39], [40], [37], [37], [36], [37], [34], [38], [37], [39], [41], [40], [41], [36], [35], [36]]
Power draw values (W): [[57.16], [52.11], [56.24], [52.99], [55.76], [54.96], [52.98], [59.47], [56.89], [55.13], [54.44], [57.21], [58.0], [56.23], [52.18], [59.67], [55.44], [57.59], [53.97], [54.44], [52.59], [58.28], [52.11], [55.52], [54.73], [53.57], [60.58], [56.12], [51.9], [57.1], [54.63], [53.08], [53.18], [52.29]]

prompt6 of the 10 requests: 
Time taken for comparisons: 123.01857356820256 seconds.
 Starttime: 2026-03-12 13:56:48.933761 Endtime: 2026-03-12 13:58:51.951924
With GPU memory usage values (MiB): [[11303], [11309], [11317], [11325], [11333], [11341], [11349], [11355], [11361], [11369], [11379], [11387], [11393], [11399], [11407], [11413], [11421], [11431], [11441], [11447], [11457], [11461], [11473], [11477], [11485], [11495], [11497], [11497], [11497], [11499], [11503], [11511], [11511], [11511], [11511], [11511]]
GPU utilization values (%): [[31], [38], [38], [39], [35], [36], [40], [43], [45], [39], [41], [39], [45], [40], [39], [38], [38], [36], [36], [39], [39], [39], [39], [38], [38], [39], [38], [36], [38], [39], [37], [37], [37], [37], [38], [39]]
Power draw values (W): [[44.91], [52.11], [56.24], [52.99], [55.76], [57.52], [52.98], [59.47], [59.29], [55.13], [54.44], [57.7], [58.12], [56.23], [54.46], [54.24], [54.93], [56.03], [56.36], [51.31], [61.84], [54.68], [54.34], [55.18], [53.46], [52.99], [57.58], [56.91], [56.71], [58.1], [56.25], [57.4], [55.28], [56.8], [58.81], [55.84]]

prompt10 of the 10 requests: 
Time taken for comparisons: 136.0370892174542 seconds.
 Starttime: 2026-03-12 13:56:48.938527 Endtime: 2026-03-12 13:59:04.973699
With GPU memory usage values (MiB): [[11303], [11309], [11317], [11325], [11333], [11341], [11349], [11355], [11363], [11369], [11379], [11389], [11393], [11399], [11407], [11413], [11421], [11431], [11441], [11447], [11457], [11461], [11473], [11477], [11489], [11495], [11497], [11497], [11497], [11499], [11503], [11511], [11511], [11511], [11511], [11511], [11511], [11511], [11511], [11511]]
GPU utilization values (%): [[33], [38], [38], [39], [35], [39], [40], [43], [45], [39], [41], [45], [45], [40], [40], [38], [38], [36], [36], [39], [39], [40], [39], [41], [38], [41], [41], [35], [37], [38], [36], [38], [36], [38], [38], [39], [38], [37], [39], [40]]
Power draw values (W): [[57.16], [52.11], [56.24], [52.71], [55.76], [54.96], [57.53], [59.47], [59.29], [55.13], [55.76], [57.21], [58.0], [56.23], [52.18], [54.24], [53.79], [57.44], [56.36], [51.31], [61.84], [55.84], [47.77], [55.16], [58.23], [54.36], [55.77], [50.14], [55.6], [53.37], [56.06], [53.46], [57.1], [56.85], [58.78], [59.97], [58.69], [53.96], [58.59], [58.2]]

prompt4 of the 10 requests: 
Time taken for comparisons: 137.78883580956608 seconds.
 Starttime: 2026-03-12 13:56:48.928184 Endtime: 2026-03-12 13:59:06.715749
With GPU memory usage values (MiB): [[11303], [11309], [11317], [11325], [11333], [11339], [11347], [11353], [11359], [11367], [11375], [11383], [11391], [11395], [11401], [11409], [11413], [11423], [11431], [11441], [11447], [11457], [11461], [11473], [11477], [11493], [11497], [11497], [11497], [11497], [11503], [11511], [11511], [11511], [11511], [11511], [11511], [11511], [11511], [11511], [11511]]
GPU utilization values (%): [[31], [41], [38], [39], [40], [38], [38], [37], [39], [33], [36], [38], [34], [35], [35], [35], [39], [41], [39], [39], [37], [40], [36], [42], [38], [37], [39], [37], [40], [39], [38], [39], [38], [37], [37], [37], [39], [38], [39], [39], [39]]
Power draw values (W): [[44.91], [52.11], [56.24], [58.91], [58.09], [53.79], [52.78], [53.72], [53.87], [54.28], [53.37], [51.71], [53.31], [55.73], [53.75], [55.43], [54.04], [54.64], [57.44], [50.94], [55.91], [56.41], [53.18], [54.55], [58.02], [57.7], [55.83], [56.55], [57.62], [54.73], [54.38], [43.24], [57.41], [55.74], [53.88], [55.63], [56.63], [56.42], [55.22], [57.89], [55.04]]

prompt5 of the 10 requests: 
Time taken for comparisons: 144.4211192401126 seconds.
 Starttime: 2026-03-12 13:56:48.932986 Endtime: 2026-03-12 13:59:13.353829
With GPU memory usage values (MiB): [[11303], [11309], [11317], [11325], [11333], [11341], [11349], [11355], [11361], [11369], [11377], [11387], [11393], [11397], [11405], [11409], [11417], [11425], [11437], [11443], [11449], [11457], [11461], [11473], [11477], [11493], [11497], [11497], [11497], [11497], [11503], [11511], [11511], [11511], [11511], [11511], [11511], [11511], [11511], [11511], [11511], [11511], [11511]]
GPU utilization values (%): [[33], [38], [38], [39], [35], [36], [40], [39], [38], [38], [38], [37], [37], [39], [36], [37], [38], [35], [37], [41], [38], [40], [36], [42], [38], [37], [36], [37], [40], [38], [41], [36], [35], [38], [37], [37], [40], [38], [40], [39], [39], [38], [40]]
Power draw values (W): [[57.16], [52.11], [58.48], [52.71], [55.76], [54.96], [52.98], [59.0], [56.95], [48.34], [57.7], [56.36], [50.63], [51.71], [52.7], [55.05], [52.47], [50.3], [49.91], [57.3], [57.21], [55.84], [53.18], [53.44], [57.71], [57.7], [56.84], [56.89], [57.62], [57.1], [54.63], [53.08], [53.18], [56.23], [54.16], [58.2], [59.0], [59.45], [56.94], [61.49], [58.31], [58.28], [62.75]]

prompt8 of the 10 requests: 
Time taken for comparisons: 150.8838412920013 seconds.
 Starttime: 2026-03-12 13:56:48.936208 Endtime: 2026-03-12 13:59:19.819642
With GPU memory usage values (MiB): [[11303], [11309], [11317], [11325], [11333], [11341], [11347], [11355], [11359], [11367], [11375], [11385], [11391], [11395], [11401], [11409], [11413], [11423], [11431], [11441], [11447], [11457], [11461], [11473], [11477], [11493], [11497], [11497], [11497], [11497], [11503], [11511], [11511], [11511], [11511], [11511], [11511], [11511], [11511], [11511], [11511], [11511], [11511], [11511], [11511]]
GPU utilization values (%): [[31], [38], [38], [39], [40], [41], [39], [38], [39], [34], [37], [37], [35], [36], [36], [39], [42], [41], [39], [39], [37], [39], [36], [42], [38], [37], [36], [37], [40], [38], [41], [41], [42], [36], [39], [39], [41], [39], [37], [40], [39], [38], [38], [40], [40]]
Power draw values (W): [[57.16], [52.11], [56.24], [52.99], [55.18], [47.66], [55.14], [55.03], [53.84], [52.58], [55.45], [54.76], [55.81], [57.21], [59.99], [53.96], [53.55], [54.64], [58.39], [50.94], [55.91], [56.41], [53.18], [53.44], [57.71], [57.7], [56.84], [56.55], [57.62], [57.1], [54.63], [57.7], [52.5], [52.29], [60.55], [56.91], [57.89], [55.15], [55.05], [60.76], [55.13], [57.72], [57.99], [58.0], [83.25]]

prompt3 of the 10 requests: 
Time taken for comparisons: 155.30055165290833 seconds.
 Starttime: 2026-03-12 13:56:48.928011 Endtime: 2026-03-12 13:59:24.228282
With GPU memory usage values (MiB): [[11303], [11309], [11315], [11325], [11331], [11337], [11345], [11353], [11359], [11365], [11373], [11383], [11389], [11395], [11399], [11407], [11413], [11423], [11431], [11441], [11447], [11457], [11461], [11473], [11477], [11493], [11497], [11497], [11497], [11497], [11499], [11503], [11511], [11511], [11511], [11511], [11511], [11511], [11511], [11511], [11511], [11511], [11511], [11511], [11511], [11511], [11511]]
GPU utilization values (%): [[31], [41], [40], [40], [39], [40], [37], [36], [35], [34], [36], [37], [34], [35], [42], [39], [39], [41], [36], [39], [38], [40], [36], [42], [40], [38], [38], [36], [38], [38], [38], [38], [37], [38], [38], [37], [38], [38], [37], [38], [40], [39], [39], [40], [39], [40], [0]]
Power draw values (W): [[44.91], [52.21], [55.36], [57.32], [56.26], [52.5], [56.71], [53.08], [53.65], [54.05], [55.74], [53.57], [53.28], [54.77], [53.97], [54.84], [54.04], [54.64], [58.39], [52.28], [57.21], [56.41], [53.18], [54.55], [58.02], [51.79], [55.43], [55.55], [55.73], [56.12], [50.34], [55.44], [52.28], [54.75], [53.96], [60.07], [57.43], [58.6], [59.07], [56.99], [55.12], [60.77], [60.14], [58.49], [60.65], [73.94], [34.76]]

In total for 10 requests: Time taken for comparisons: 155.30142158921808 seconds.
