--- Starting comparisons --- 
Initial GPU memory loaded: [75763] MiB
Of total GPU memory: [95830] MiB

prompt1 of the 10 requests: 
Time taken for comparisons: 131.4071060377173 seconds.
 Starttime: 2026-04-07 15:41:09.581947 Endtime: 2026-04-07 15:43:20.985116
With GPU memory usage values (MiB): [[75837], [75837], [75841], [75841], [75841], [75841], [75841], [75841], [75841], [75841], [75841], [75841], [75841], [75841], [75841], [75841], [75841], [75841], [75841], [75841], [75841], [75841], [75841], [75841], [75841], [75841], [75841], [75841], [75841], [75841], [75841], [75841], [75841], [75841], [75841], [75841], [75841], [75841], [75841], [75841], [75841], [75841], [75841], [75841], [75841], [75841], [75841], [75841], [75841], [75841], [75841], [75841], [75841], [75841], [75841], [75841], [75841], [75841], [75841], [75841], [75841], [75841], [75841], [75841], [75841], [75841], [75841], [75841], [75841], [75841], [75841], [75841], [75841], [75841], [75841], [75841], [75841], [75841], [75841], [75841], [75841], [75841], [75841], [75841], [75841], [75841], [75841], [75841], [75841], [75841], [75841], [75841], [75841], [75841], [75841], [75841], [75841], [75841], [75841], [75841], [75841], [75841], [75841], [75841], [75841], [75841], [75841], [75841], [75841], [75841], [75841], [75841], [75841], [75841], [75841], [75841], [75841], [75841], [75841], [75841]]
GPU utilization values (%): [[0], [99], [12], [13], [13], [13], [13], [13], [13], [13], [13], [13], [13], [13], [13], [13], [11], [13], [13], [13], [13], [12], [13], [13], [13], [13], [13], [13], [13], [13], [13], [13], [13], [13], [13], [13], [13], [13], [13], [13], [13], [13], [12], [13], [13], [13], [13], [13], [13], [12], [13], [13], [13], [13], [13], [13], [13], [13], [13], [13], [13], [13], [13], [13], [13], [13], [13], [13], [13], [13], [13], [13], [13], [13], [14], [13], [13], [13], [14], [12], [13], [13], [13], [13], [14], [12], [14], [14], [13], [12], [14], [14], [13], [13], [14], [13], [14], [13], [13], [14], [13], [13], [14], [14], [14], [13], [14], [14], [14], [13], [13], [13], [13], [14], [13], [14], [14], [13], [14], [0]]
Power draw values (W): [[88.25], [134.33], [111.25], [97.79], [97.43], [97.55], [97.9], [97.57], [97.58], [97.82], [97.06], [97.55], [96.37], [96.84], [97.23], [96.68], [96.42], [97.54], [96.78], [97.02], [97.21], [97.1], [97.1], [97.37], [97.77], [98.21], [97.12], [97.03], [97.4], [97.67], [97.21], [97.78], [98.1], [96.98], [97.05], [97.17], [97.46], [97.27], [97.86], [97.79], [98.04], [97.34], [97.76], [97.28], [98.04], [97.24], [97.12], [97.41], [97.96], [97.83], [97.81], [97.52], [97.71], [97.32], [97.37], [97.85], [98.07], [98.1], [97.51], [98.18], [98.34], [98.6], [97.89], [98.3], [98.43], [98.15], [98.33], [98.6], [98.42], [98.33], [98.81], [98.42], [98.57], [98.9], [99.08], [98.27], [98.72], [98.54], [98.81], [99.17], [98.71], [99.02], [98.42], [98.53], [98.35], [98.42], [98.68], [97.97], [98.17], [98.51], [98.65], [98.72], [98.88], [98.68], [98.81], [99.01], [99.21], [99.48], [98.8], [98.95], [99.39], [98.55], [99.15], [99.45], [99.28], [99.66], [99.98], [99.31], [99.61], [99.17], [99.24], [99.1], [99.31], [99.5], [99.18], [99.25], [98.78], [99.72], [99.64], [87.0]]

In total for 1 requests: Time taken for comparisons: 131.4075302942656 seconds.
 With avg GPU memory usage values (MiB): 75840.93333333333
avg GPU utilization values (%): 13.822033898305085
avg Power draw values (W): 98.39991666666667
