--- Starting comparisons --- 
Initial GPU memory loaded: [12407, 0, 0] MiB
Of total GPU memory: [143771, 143771, 143771] MiB

promptBaseline of the 10 requests: 
Time taken for comparisons: 11.202463425928727 seconds.
 Starttime: 2026-03-27 11:43:05.494685 Endtime: 2026-03-27 11:43:16.696907
With GPU memory usage values (MiB): [[12549, 0, 0], [12551, 0, 0], [12555, 0, 0], [12559, 0, 0], [12563, 0, 0], [12565, 0, 0], [12571, 0, 0], [12575, 0, 0], [12579, 0, 0], [12579, 0, 0]]
GPU utilization values (%): [[42, 0, 0], [43, 0, 0], [44, 0, 0], [38, 0, 0], [41, 0, 0], [43, 0, 0], [42, 0, 0], [38, 0, 0], [41, 0, 0], [0, 0, 0]]
Power draw values (W): [[115.41, 70.84, 70.07], [131.25, 70.82, 70.06], [131.02, 70.87, 70.1], [131.32, 70.83, 70.02], [131.08, 70.89, 70.12], [131.83, 70.81, 70.06], [131.41, 70.84, 70.03], [131.62, 70.89, 70.04], [131.14, 70.86, 70.04], [100.79, 70.88, 69.99]]

prompt1 of the 10 requests: 
Time taken for comparisons: 6.6238048719242215 seconds.
 Starttime: 2026-03-27 11:43:16.697257 Endtime: 2026-03-27 11:43:23.320910
With GPU memory usage values (MiB): [[12579, 0, 0], [12579, 0, 0], [12579, 0, 0], [12579, 0, 0], [12579, 0, 0], [12579, 0, 0]]
GPU utilization values (%): [[42, 0, 0], [42, 0, 0], [44, 0, 0], [44, 0, 0], [44, 0, 0], [24, 0, 0]]
Power draw values (W): [[131.38, 70.88, 70.03], [131.72, 70.86, 70.06], [131.37, 70.83, 70.03], [131.53, 70.85, 70.04], [131.44, 70.84, 70.06], [127.21, 70.89, 70.06]]

prompt2 of the 10 requests: 
Time taken for comparisons: 7.800984848989174 seconds.
 Starttime: 2026-03-27 11:43:23.321149 Endtime: 2026-03-27 11:43:31.121981
With GPU memory usage values (MiB): [[12579, 0, 0], [12579, 0, 0], [12579, 0, 0], [12579, 0, 0], [12579, 0, 0], [12579, 0, 0], [12579, 0, 0]]
GPU utilization values (%): [[44, 0, 0], [40, 0, 0], [40, 0, 0], [41, 0, 0], [42, 0, 0], [44, 0, 0], [0, 0, 0]]
Power draw values (W): [[131.71, 70.83, 70.03], [132.35, 70.82, 70.04], [131.9, 70.85, 70.14], [132.23, 70.85, 70.09], [131.92, 70.87, 70.08], [131.95, 70.79, 70.04], [117.1, 70.87, 70.09]]

prompt3 of the 10 requests: 
Time taken for comparisons: 18.952072147047147 seconds.
 Starttime: 2026-03-27 11:43:31.122224 Endtime: 2026-03-27 11:43:50.074139
With GPU memory usage values (MiB): [[12579, 0, 0], [12579, 0, 0], [12579, 0, 0], [12579, 0, 0], [12579, 0, 0], [12579, 0, 0], [12579, 0, 0], [12579, 0, 0], [12581, 0, 0], [12583, 0, 0], [12589, 0, 0], [12591, 0, 0], [12591, 0, 0], [12601, 0, 0], [12601, 0, 0], [12605, 0, 0], [12605, 0, 0]]
GPU utilization values (%): [[44, 0, 0], [44, 0, 0], [39, 0, 0], [41, 0, 0], [42, 0, 0], [44, 0, 0], [44, 0, 0], [44, 0, 0], [44, 0, 0], [40, 0, 0], [41, 0, 0], [41, 0, 0], [44, 0, 0], [44, 0, 0], [39, 0, 0], [40, 0, 0], [0, 0, 0]]
Power draw values (W): [[131.25, 70.85, 70.12], [131.99, 70.86, 70.06], [132.09, 70.85, 70.09], [132.78, 70.88, 70.11], [132.28, 70.88, 70.08], [131.8, 70.82, 70.05], [132.21, 70.81, 70.15], [132.37, 70.9, 70.11], [132.23, 70.81, 70.09], [132.35, 70.85, 70.07], [131.75, 70.87, 70.11], [132.73, 70.84, 70.07], [132.57, 70.83, 70.05], [132.19, 70.81, 70.04], [132.76, 70.86, 70.1], [132.44, 70.86, 70.07], [119.0, 70.88, 70.01]]

prompt4 of the 10 requests: 
Time taken for comparisons: 11.134560025995597 seconds.
 Starttime: 2026-03-27 11:43:50.074401 Endtime: 2026-03-27 11:44:01.208209
With GPU memory usage values (MiB): [[12605, 0, 0], [12605, 0, 0], [12605, 0, 0], [12605, 0, 0], [12605, 0, 0], [12605, 0, 0], [12605, 0, 0], [12605, 0, 0], [12605, 0, 0], [12605, 0, 0]]
GPU utilization values (%): [[41, 0, 0], [43, 0, 0], [43, 0, 0], [43, 0, 0], [40, 0, 0], [41, 0, 0], [43, 0, 0], [43, 0, 0], [43, 0, 0], [0, 0, 0]]
Power draw values (W): [[131.93, 70.85, 70.02], [132.43, 70.92, 70.06], [132.21, 70.83, 70.07], [132.95, 70.85, 70.06], [133.6, 70.84, 70.02], [132.96, 70.84, 69.99], [132.18, 70.85, 70.06], [131.76, 70.84, 70.01], [132.98, 70.83, 70.07], [118.61, 70.86, 70.07]]

prompt5 of the 10 requests: 
Time taken for comparisons: 8.908326145960018 seconds.
 Starttime: 2026-03-27 11:44:01.209056 Endtime: 2026-03-27 11:44:10.117243
With GPU memory usage values (MiB): [[12605, 0, 0], [12605, 0, 0], [12605, 0, 0], [12605, 0, 0], [12605, 0, 0], [12605, 0, 0], [12605, 0, 0], [12605, 0, 0]]
GPU utilization values (%): [[43, 0, 0], [44, 0, 0], [38, 0, 0], [41, 0, 0], [42, 0, 0], [42, 0, 0], [44, 0, 0], [0, 0, 0]]
Power draw values (W): [[132.09, 70.85, 70.09], [132.71, 70.84, 70.01], [131.62, 70.87, 70.09], [132.33, 70.8, 70.04], [132.13, 70.84, 70.05], [132.17, 70.83, 70.05], [131.77, 70.84, 70.07], [99.35, 70.88, 70.0]]

prompt6 of the 10 requests: 
Time taken for comparisons: 8.921892249956727 seconds.
 Starttime: 2026-03-27 11:44:10.118000 Endtime: 2026-03-27 11:44:19.039749
With GPU memory usage values (MiB): [[12605, 0, 0], [12605, 0, 0], [12605, 0, 0], [12605, 0, 0], [12605, 0, 0], [12605, 0, 0], [12605, 0, 0], [12605, 0, 0]]
GPU utilization values (%): [[44, 0, 0], [39, 0, 0], [39, 0, 0], [39, 0, 0], [40, 0, 0], [42, 0, 0], [44, 0, 0], [38, 0, 0]]
Power draw values (W): [[132.1, 70.82, 69.98], [131.42, 70.86, 70.07], [131.85, 70.9, 69.95], [132.57, 70.85, 70.07], [132.77, 70.79, 70.0], [131.8, 70.88, 70.07], [131.71, 70.82, 69.96], [131.79, 70.84, 70.0]]

prompt7 of the 10 requests: 
Time taken for comparisons: 13.381885576061904 seconds.
 Starttime: 2026-03-27 11:44:19.039978 Endtime: 2026-03-27 11:44:32.421722
With GPU memory usage values (MiB): [[12605, 0, 0], [12605, 0, 0], [12605, 0, 0], [12605, 0, 0], [12605, 0, 0], [12605, 0, 0], [12605, 0, 0], [12605, 0, 0], [12605, 0, 0], [12605, 0, 0], [12605, 0, 0], [12605, 0, 0]]
GPU utilization values (%): [[39, 0, 0], [38, 0, 0], [41, 0, 0], [42, 0, 0], [43, 0, 0], [43, 0, 0], [43, 0, 0], [44, 0, 0], [40, 0, 0], [42, 0, 0], [42, 0, 0], [0, 0, 0]]
Power draw values (W): [[132.21, 70.78, 70.07], [131.93, 70.87, 70.02], [132.57, 70.83, 70.03], [132.94, 70.84, 70.03], [132.51, 70.74, 70.05], [132.58, 70.84, 70.01], [131.65, 70.83, 70.06], [132.83, 70.82, 70.02], [132.15, 70.88, 70.07], [131.91, 70.89, 70.05], [132.23, 70.85, 70.04], [99.37, 70.86, 70.04]]

prompt8 of the 10 requests: 
Time taken for comparisons: 12.294790109852329 seconds.
 Starttime: 2026-03-27 11:44:32.421949 Endtime: 2026-03-27 11:44:44.716599
With GPU memory usage values (MiB): [[12605, 0, 0], [12605, 0, 0], [12605, 0, 0], [12605, 0, 0], [12605, 0, 0], [12605, 0, 0], [12605, 0, 0], [12605, 0, 0], [12605, 0, 0], [12605, 0, 0], [12605, 0, 0]]
GPU utilization values (%): [[43, 0, 0], [38, 0, 0], [40, 0, 0], [42, 0, 0], [44, 0, 0], [43, 0, 0], [40, 0, 0], [42, 0, 0], [42, 0, 0], [44, 0, 0], [0, 0, 0]]
Power draw values (W): [[131.73, 70.87, 70.07], [131.48, 70.84, 70.11], [132.89, 70.85, 70.05], [132.4, 70.84, 70.0], [133.22, 70.88, 70.04], [132.4, 70.85, 69.96], [132.75, 70.82, 70.03], [132.93, 70.83, 70.06], [131.69, 70.88, 70.08], [132.97, 70.85, 70.01], [121.63, 70.87, 70.01]]

prompt9 of the 10 requests: 
Time taken for comparisons: 6.650364630157128 seconds.
 Starttime: 2026-03-27 11:44:44.716827 Endtime: 2026-03-27 11:44:51.367042
With GPU memory usage values (MiB): [[12605, 0, 0], [12605, 0, 0], [12605, 0, 0], [12605, 0, 0], [12605, 0, 0], [12605, 0, 0]]
GPU utilization values (%): [[44, 0, 0], [38, 0, 0], [40, 0, 0], [40, 0, 0], [42, 0, 0], [0, 0, 0]]
Power draw values (W): [[132.1, 70.81, 70.04], [131.82, 70.88, 70.05], [132.46, 70.87, 70.04], [132.38, 70.82, 70.04], [132.53, 70.81, 70.03], [119.7, 70.86, 70.04]]

prompt10 of the 10 requests: 
Time taken for comparisons: 7.78141326806508 seconds.
 Starttime: 2026-03-27 11:44:51.367275 Endtime: 2026-03-27 11:44:59.148545
With GPU memory usage values (MiB): [[12605, 0, 0], [12605, 0, 0], [12605, 0, 0], [12605, 0, 0], [12605, 0, 0], [12605, 0, 0], [12605, 0, 0]]
GPU utilization values (%): [[41, 0, 0], [41, 0, 0], [42, 0, 0], [42, 0, 0], [44, 0, 0], [39, 0, 0], [0, 0, 0]]
Power draw values (W): [[132.57, 70.85, 70.02], [132.79, 70.86, 70.04], [132.41, 70.84, 70.05], [132.09, 70.81, 70.02], [132.82, 70.83, 70.06], [131.9, 70.77, 69.98], [109.51, 70.83, 70.03]]

In total for 10 requests: Time taken for comparisons: 102.45150982402265 seconds.
With avg GPU memory usage values (MiB): 12598.0
avg GPU utilization values (%): 41.583333333333336
avg Power draw values (W): 130.50478260869565
