--- Starting comparisons --- 
Initial GPU memory loaded: [11295] MiB

promptBaseline of the 10 requests: 
Time taken for comparisons: 15.454459685992333 seconds.
 Starttime: 2026-03-11 16:26:09.268485 Endtime: 2026-03-11 16:26:24.722678
With GPU memory usage values (MiB): [[11369], [11377], [11385], [11395], [11395]]
GPU utilization values (%): [[24], [24], [24], [24], [0]]
Power draw values (W): [[114.23], [121.18], [120.75], [120.39], [89.32]]

prompt6 of the 10 requests: 
Time taken for comparisons: 117.01369936999981 seconds.
 Starttime: 2026-03-11 16:26:24.724235 Endtime: 2026-03-11 16:28:21.733495
With GPU memory usage values (MiB): [[11971], [11971], [11979], [11983], [11989], [11995], [12003], [12007], [12015], [12021], [12027], [12033], [12037], [12043], [12049], [12053], [12061], [12067], [12071], [12079], [12085], [12091], [12097], [12101], [12109], [12115], [12123], [12125], [12137], [12141], [12141], [12151], [12159], [12159]]
GPU utilization values (%): [[15], [15], [14], [16], [16], [14], [12], [14], [15], [16], [15], [15], [15], [15], [15], [15], [15], [15], [15], [15], [15], [15], [15], [15], [14], [16], [13], [15], [14], [14], [15], [15], [15], [15]]
Power draw values (W): [[106.95], [107.97], [106.25], [107.65], [109.18], [108.68], [108.12], [108.15], [108.0], [108.69], [107.54], [107.56], [107.77], [107.73], [107.54], [108.16], [108.02], [108.33], [107.64], [108.27], [107.99], [107.74], [107.62], [108.03], [106.95], [107.79], [107.68], [107.61], [108.06], [107.21], [108.0], [108.25], [107.89], [107.79]]

prompt2 of the 10 requests: 
Time taken for comparisons: 123.54502893899917 seconds.
 Starttime: 2026-03-11 16:26:24.723466 Endtime: 2026-03-11 16:28:28.268105
With GPU memory usage values (MiB): [[11971], [11971], [11979], [11983], [11989], [11995], [12003], [12007], [12015], [12021], [12027], [12033], [12037], [12043], [12049], [12055], [12061], [12067], [12073], [12079], [12085], [12091], [12097], [12105], [12109], [12117], [12123], [12125], [12137], [12141], [12141], [12151], [12159], [12159], [12159], [12159]]
GPU utilization values (%): [[15], [15], [14], [13], [16], [14], [12], [14], [15], [16], [15], [15], [15], [15], [15], [15], [14], [15], [16], [14], [15], [15], [15], [15], [14], [16], [13], [15], [16], [14], [15], [15], [15], [15], [16], [16]]
Power draw values (W): [[106.95], [107.97], [106.25], [107.87], [109.0], [108.68], [108.12], [108.11], [107.99], [108.69], [107.54], [107.56], [107.44], [107.86], [107.6], [108.14], [107.89], [108.31], [107.73], [108.28], [108.08], [107.29], [106.59], [107.73], [106.77], [107.72], [107.86], [107.82], [108.04], [107.21], [108.0], [108.25], [107.82], [108.03], [107.69], [108.49]]

prompt9 of the 10 requests: 
Time taken for comparisons: 129.03046605399868 seconds.
 Starttime: 2026-03-11 16:26:24.724802 Endtime: 2026-03-11 16:28:33.750754
With GPU memory usage values (MiB): [[11971], [11971], [11979], [11983], [11989], [11995], [12003], [12007], [12015], [12021], [12027], [12031], [12037], [12041], [12047], [12053], [12059], [12065], [12071], [12077], [12083], [12089], [12097], [12101], [12109], [12115], [12121], [12125], [12137], [12141], [12141], [12151], [12159], [12159], [12159], [12159], [12159], [12159]]
GPU utilization values (%): [[14], [15], [14], [16], [16], [14], [12], [14], [14], [15], [15], [14], [15], [15], [14], [15], [15], [15], [14], [14], [13], [15], [15], [15], [14], [14], [15], [15], [14], [14], [15], [15], [14], [15], [15], [15], [15], [15]]
Power draw values (W): [[106.95], [107.83], [106.25], [107.87], [109.0], [108.15], [108.28], [108.31], [107.96], [108.57], [107.71], [107.36], [107.87], [107.85], [108.06], [108.09], [109.2], [107.32], [107.46], [107.49], [107.31], [108.91], [107.69], [108.03], [107.21], [107.72], [107.68], [107.87], [108.14], [107.68], [108.05], [107.19], [107.45], [107.5], [107.12], [108.21], [109.49], [109.24]]

prompt1 of the 10 requests: 
Time taken for comparisons: 131.05293249999522 seconds.
 Starttime: 2026-03-11 16:26:24.723263 Endtime: 2026-03-11 16:28:35.775609
With GPU memory usage values (MiB): [[11971], [11971], [11979], [11983], [11989], [11995], [12003], [12007], [12015], [12021], [12027], [12033], [12039], [12043], [12051], [12057], [12065], [12071], [12077], [12083], [12087], [12095], [12099], [12109], [12111], [12119], [12123], [12131], [12141], [12141], [12149], [12157], [12159], [12159], [12159], [12159], [12159], [12159]]
GPU utilization values (%): [[15], [15], [14], [16], [16], [17], [12], [14], [15], [15], [16], [14], [14], [15], [16], [16], [14], [15], [15], [15], [15], [15], [15], [15], [15], [15], [15], [16], [12], [15], [16], [15], [15], [15], [16], [16], [15], [15]]
Power draw values (W): [[106.95], [107.83], [106.25], [107.65], [109.18], [108.9], [108.12], [108.11], [108.21], [108.08], [107.68], [107.17], [107.29], [108.27], [108.48], [108.86], [107.08], [107.56], [108.04], [108.02], [108.08], [108.04], [106.94], [107.51], [108.1], [108.12], [107.83], [108.14], [107.66], [108.54], [107.46], [107.26], [108.01], [108.22], [107.53], [107.87], [108.52], [109.1]]

prompt7 of the 10 requests: 
Time taken for comparisons: 140.59906657399551 seconds.
 Starttime: 2026-03-11 16:26:24.724407 Endtime: 2026-03-11 16:28:45.323049
With GPU memory usage values (MiB): [[11971], [11971], [11977], [11983], [11987], [11995], [11999], [12005], [12011], [12017], [12023], [12029], [12035], [12039], [12043], [12051], [12057], [12065], [12067], [12075], [12081], [12087], [12095], [12097], [12105], [12109], [12117], [12123], [12129], [12137], [12141], [12143], [12153], [12159], [12159], [12159], [12159], [12159], [12159], [12159], [12159], [12159]]
GPU utilization values (%): [[15], [14], [14], [13], [15], [15], [15], [15], [14], [15], [15], [15], [13], [14], [15], [16], [15], [16], [15], [16], [15], [15], [16], [14], [15], [15], [16], [15], [15], [14], [16], [16], [14], [15], [15], [14], [15], [15], [16], [16], [16], [16]]
Power draw values (W): [[106.95], [107.86], [106.57], [108.03], [108.58], [108.12], [107.9], [107.79], [107.57], [107.93], [107.87], [108.65], [105.79], [107.24], [108.27], [108.73], [108.54], [107.51], [107.81], [107.35], [108.3], [107.32], [107.77], [107.14], [108.02], [106.66], [107.86], [108.04], [107.74], [107.62], [107.64], [108.2], [107.86], [108.12], [108.08], [106.91], [107.41], [107.87], [109.13], [109.28], [108.85], [109.69]]

prompt5 of the 10 requests: 
Time taken for comparisons: 144.3530724680022 seconds.
 Starttime: 2026-03-11 16:26:24.724069 Endtime: 2026-03-11 16:28:49.074249
With GPU memory usage values (MiB): [[11971], [11971], [11977], [11983], [11989], [11995], [12001], [12005], [12011], [12017], [12025], [12031], [12035], [12041], [12045], [12053], [12059], [12065], [12071], [12077], [12083], [12089], [12097], [12101], [12109], [12115], [12121], [12123], [12137], [12141], [12141], [12151], [12159], [12159], [12159], [12159], [12159], [12159], [12159], [12159], [12159], [12159], [12159]]
GPU utilization values (%): [[14], [15], [14], [16], [16], [15], [15], [14], [15], [15], [15], [15], [15], [14], [15], [16], [16], [14], [15], [15], [14], [15], [15], [15], [15], [15], [15], [15], [15], [15], [15], [14], [13], [15], [15], [15], [16], [15], [16], [16], [16], [16], [17]]
Power draw values (W): [[106.86], [107.97], [106.28], [107.65], [109.0], [108.03], [108.36], [107.81], [108.09], [108.04], [107.99], [109.05], [106.89], [107.56], [108.5], [108.08], [109.2], [107.31], [107.47], [107.94], [107.31], [108.91], [107.69], [108.15], [107.12], [107.52], [108.17], [107.69], [108.82], [108.16], [107.98], [106.62], [107.53], [107.55], [106.63], [107.97], [109.3], [108.47], [109.2], [109.42], [108.53], [109.18], [110.37]]

prompt10 of the 10 requests: 
Time taken for comparisons: 152.90731291900738 seconds.
 Starttime: 2026-03-11 16:26:24.725001 Endtime: 2026-03-11 16:28:57.631975
With GPU memory usage values (MiB): [[11971], [11971], [11979], [11983], [11989], [11995], [12003], [12007], [12015], [12021], [12027], [12033], [12039], [12043], [12049], [12055], [12061], [12067], [12073], [12079], [12085], [12091], [12097], [12105], [12109], [12117], [12123], [12127], [12137], [12141], [12141], [12153], [12159], [12159], [12159], [12159], [12159], [12159], [12159], [12159], [12159], [12159], [12159], [12159], [12159]]
GPU utilization values (%): [[14], [15], [14], [16], [16], [14], [12], [14], [15], [16], [14], [14], [15], [15], [15], [16], [14], [15], [16], [14], [15], [15], [15], [15], [14], [16], [15], [15], [16], [14], [16], [14], [15], [13], [15], [15], [15], [17], [16], [16], [16], [17], [17], [17], [18]]
Power draw values (W): [[106.95], [107.97], [106.28], [107.65], [109.0], [108.68], [108.12], [108.11], [107.99], [108.08], [107.68], [106.99], [107.81], [107.81], [107.2], [107.81], [107.81], [108.01], [108.07], [108.41], [107.76], [107.29], [107.0], [107.73], [106.77], [107.78], [108.05], [107.78], [108.43], [107.46], [108.2], [108.22], [107.78], [107.9], [106.91], [107.61], [107.72], [109.44], [109.43], [108.85], [109.9], [110.17], [109.66], [110.81], [110.84]]

prompt4 of the 10 requests: 
Time taken for comparisons: 153.5833415369998 seconds.
 Starttime: 2026-03-11 16:26:24.723895 Endtime: 2026-03-11 16:28:58.306988
With GPU memory usage values (MiB): [[11971], [11971], [11975], [11981], [11987], [11993], [11999], [12005], [12009], [12015], [12021], [12027], [12033], [12039], [12043], [12051], [12057], [12065], [12071], [12077], [12081], [12087], [12095], [12099], [12109], [12109], [12119], [12123], [12129], [12141], [12141], [12149], [12157], [12159], [12159], [12159], [12159], [12159], [12159], [12159], [12159], [12159], [12159], [12159], [12159], [12159]]
GPU utilization values (%): [[15], [15], [15], [15], [15], [15], [15], [15], [15], [15], [16], [16], [13], [14], [15], [16], [16], [14], [15], [15], [15], [15], [15], [15], [15], [14], [15], [16], [16], [13], [15], [16], [15], [15], [16], [15], [15], [15], [15], [16], [16], [15], [17], [17], [16], [18]]
Power draw values (W): [[107.22], [108.1], [107.71], [108.39], [108.16], [108.65], [107.98], [107.69], [107.88], [108.2], [108.3], [107.83], [106.52], [107.29], [108.27], [108.73], [108.66], [107.08], [107.3], [107.93], [107.75], [106.89], [108.05], [107.11], [107.53], [107.49], [107.73], [107.98], [107.95], [107.61], [108.18], [107.53], [107.69], [108.21], [108.08], [106.74], [107.62], [108.18], [108.79], [109.35], [108.87], [109.11], [110.22], [109.91], [109.2], [111.56]]

prompt8 of the 10 requests: 
Time taken for comparisons: 169.0574627390015 seconds.
 Starttime: 2026-03-11 16:26:24.724569 Endtime: 2026-03-11 16:29:13.781752
With GPU memory usage values (MiB): [[11971], [11971], [11979], [11983], [11989], [11995], [12003], [12007], [12015], [12021], [12027], [12033], [12039], [12043], [12051], [12057], [12063], [12067], [12075], [12079], [12087], [12093], [12097], [12105], [12109], [12117], [12123], [12129], [12139], [12141], [12147], [12155], [12159], [12159], [12159], [12159], [12159], [12159], [12159], [12159], [12159], [12159], [12159], [12159], [12159], [12159], [12159], [12159], [12159], [12159]]
GPU utilization values (%): [[15], [15], [14], [16], [16], [14], [12], [14], [15], [15], [16], [14], [14], [15], [15], [15], [15], [15], [14], [14], [15], [16], [15], [15], [15], [16], [15], [15], [13], [14], [16], [16], [16], [15], [14], [15], [15], [16], [16], [16], [16], [18], [17], [17], [18], [16], [16], [16], [17], [21]]
Power draw values (W): [[106.95], [107.97], [106.25], [107.87], [109.18], [108.68], [108.12], [108.24], [108.21], [108.08], [107.68], [106.99], [107.46], [107.79], [108.66], [108.14], [107.78], [107.88], [107.84], [108.6], [107.64], [107.48], [107.18], [107.9], [106.49], [107.86], [108.08], [108.08], [107.62], [107.78], [108.1], [107.66], [108.12], [108.08], [106.91], [107.37], [107.87], [108.83], [109.28], [108.85], [109.36], [109.88], [109.65], [109.58], [111.36], [110.46], [109.9], [109.97], [110.35], [116.36]]

prompt3 of the 10 requests: 
Time taken for comparisons: 172.2052046900062 seconds.
 Starttime: 2026-03-11 16:26:24.723682 Endtime: 2026-03-11 16:29:16.928579
With GPU memory usage values (MiB): [[11971], [11971], [11977], [11983], [11987], [11993], [11999], [12005], [12011], [12015], [12023], [12029], [12035], [12039], [12043], [12051], [12057], [12065], [12071], [12077], [12083], [12089], [12097], [12101], [12109], [12111], [12119], [12123], [12133], [12141], [12141], [12149], [12157], [12159], [12159], [12159], [12159], [12159], [12159], [12159], [12159], [12159], [12159], [12159], [12159], [12159], [12159], [12159], [12159], [12159], [12159], [12159]]
GPU utilization values (%): [[15], [14], [12], [14], [15], [15], [15], [15], [15], [15], [15], [15], [13], [14], [15], [16], [16], [14], [15], [15], [14], [15], [16], [16], [15], [15], [15], [15], [15], [15], [15], [16], [15], [15], [15], [16], [16], [15], [17], [17], [16], [15], [17], [17], [16], [18], [16], [14], [16], [16], [16], [0]]
Power draw values (W): [[106.95], [107.86], [106.57], [108.6], [108.46], [108.45], [108.58], [107.83], [107.47], [108.39], [107.71], [107.94], [105.94], [107.24], [108.27], [108.48], [108.86], [107.02], [107.47], [107.71], [107.31], [108.82], [108.06], [107.66], [107.41], [108.13], [107.99], [107.25], [107.79], [107.22], [108.61], [107.35], [107.26], [108.01], [108.19], [107.68], [107.87], [108.67], [109.13], [109.35], [108.87], [109.21], [109.96], [109.54], [109.54], [111.43], [110.04], [109.59], [109.68], [110.21], [115.59], [88.88]]

In total for 10 requests: Time taken for comparisons: 172.20665135800664 seconds.
