--- Starting comparisons --- 
Initial GPU memory loaded: [42815] MiB
Of total GPU memory: [95830] MiB

prompt1 of the 10 requests: 
Time taken for comparisons: 92.59785995981656 seconds.
 Starttime: 2026-03-28 09:42:14.295734 Endtime: 2026-03-28 09:43:46.883878
With GPU memory usage values (MiB): [[45373], [45373], [45373], [45373], [45373], [45373], [45373], [45373], [45373], [45373], [45373], [45373], [45373], [45373], [45373], [45373], [45373], [45373], [45373], [45373], [45373], [45373], [45373], [45373], [45373], [45373], [45373], [45373], [45373], [45373], [45373], [45373], [45373], [45373], [45373], [45373], [45373], [45373], [45373], [45373], [45373], [45373], [45373], [45373], [45373], [45373], [45373], [45373], [45373], [45373], [45373], [45373], [45373], [45373], [45373], [45373], [45373], [45373], [45373], [45373], [45373], [45373], [45373], [45373], [45373], [45373], [45373], [45373], [45373], [45373], [45373], [45373], [45373], [45373], [45373], [45373], [45373], [45373], [45373], [45373], [45373], [45373], [45373], [45373]]
GPU utilization values (%): [[23], [45], [45], [45], [45], [39], [43], [43], [47], [41], [47], [46], [47], [43], [45], [44], [47], [43], [45], [46], [43], [46], [47], [46], [47], [47], [47], [47], [47], [40], [45], [44], [45], [42], [47], [42], [45], [43], [46], [45], [42], [42], [45], [45], [47], [46], [46], [45], [47], [45], [46], [40], [48], [46], [46], [46], [46], [46], [45], [46], [42], [45], [45], [42], [46], [46], [46], [46], [46], [43], [42], [42], [46], [46], [46], [45], [46], [44], [44], [46], [44], [44], [48], [0]]
Power draw values (W): [[234.07], [174.63], [175.33], [176.42], [172.97], [176.52], [174.77], [177.03], [180.94], [176.48], [179.22], [179.93], [182.9], [181.83], [180.65], [180.35], [180.28], [181.15], [178.94], [181.64], [182.35], [179.78], [180.62], [180.88], [182.16], [183.47], [185.49], [183.55], [182.75], [180.66], [179.84], [180.11], [183.47], [180.37], [182.43], [180.3], [182.86], [183.56], [183.04], [181.63], [184.95], [182.06], [181.37], [180.05], [184.09], [184.09], [184.05], [181.14], [182.85], [180.66], [183.13], [178.93], [181.83], [182.44], [184.56], [182.51], [183.27], [183.8], [182.48], [182.35], [182.03], [183.5], [183.48], [183.99], [183.57], [184.21], [183.22], [183.97], [183.66], [182.25], [181.6], [183.67], [183.09], [184.87], [183.13], [184.44], [181.51], [184.98], [184.59], [185.78], [186.23], [184.02], [186.51], [154.37]]

In total for 1 requests: Time taken for comparisons: 92.59893543017097 seconds.
 With avg GPU memory usage values (MiB): 45373.0
avg GPU utilization values (%): 44.63855421686747
avg Power draw values (W): 182.12678571428572
