--- Starting comparisons --- 
Initial GPU memory loaded: [17433] MiB
Of total GPU memory: [95830] MiB

promptBaseline of the 10 requests: 
Time taken for comparisons: 12.004246067954227 seconds.
 Starttime: 2026-03-26 14:16:21.154482 Endtime: 2026-03-26 14:16:33.158335
With GPU memory usage values (MiB): [[17503], [17509], [17509], [17513], [17513], [17513], [17513], [17513], [17515], [17515], [17515]]
GPU utilization values (%): [[0], [0], [0], [1], [11], [11], [11], [11], [10], [11], [0]]
Power draw values (W): [[85.42], [85.43], [85.38], [88.46], [86.98], [94.56], [93.68], [93.42], [93.79], [93.82], [86.6]]

prompt5 of the 10 requests: 
Time taken for comparisons: 46.390680144075304 seconds.
 Starttime: 2026-03-26 14:16:33.162562 Endtime: 2026-03-26 14:17:19.552565
With GPU memory usage values (MiB): [[18159], [18179], [18179], [18179], [18179], [18179], [18179], [18179], [18179], [18179], [18179], [18179], [18179], [18179], [18179], [18179], [18179], [18179], [18179], [18181], [18183], [18185], [18185], [18187], [18187], [18187], [18187], [18187], [18189], [18189], [18189], [18189]]
GPU utilization values (%): [[12], [6], [6], [7], [7], [8], [7], [6], [7], [8], [6], [7], [5], [7], [6], [7], [7], [7], [8], [7], [7], [7], [7], [6], [6], [6], [7], [7], [7], [8], [8], [6]]
Power draw values (W): [[105.6], [90.64], [90.81], [89.79], [91.07], [90.99], [90.86], [91.09], [90.31], [91.08], [90.25], [91.13], [90.66], [91.05], [90.34], [90.68], [90.91], [90.82], [90.31], [91.17], [91.5], [90.61], [91.39], [90.97], [90.69], [90.49], [90.59], [90.75], [90.45], [91.07], [90.63], [90.8]]

prompt1 of the 10 requests: 
Time taken for comparisons: 49.634640626143664 seconds.
 Starttime: 2026-03-26 14:16:33.159090 Endtime: 2026-03-26 14:17:22.791799
With GPU memory usage values (MiB): [[18155], [18179], [18179], [18179], [18179], [18179], [18179], [18179], [18179], [18179], [18179], [18179], [18179], [18179], [18179], [18179], [18179], [18179], [18179], [18181], [18183], [18185], [18185], [18187], [18187], [18187], [18187], [18187], [18189], [18189], [18189], [18189], [18189], [18189], [18189]]
GPU utilization values (%): [[12], [7], [6], [6], [7], [8], [7], [7], [8], [7], [6], [7], [7], [8], [9], [8], [7], [6], [8], [7], [7], [6], [7], [7], [7], [7], [7], [5], [6], [8], [6], [7], [7], [6], [7]]
Power draw values (W): [[105.82], [90.7], [90.81], [91.15], [90.48], [91.03], [90.71], [90.52], [90.1], [91.06], [90.5], [90.79], [91.12], [90.86], [91.13], [90.4], [91.1], [90.77], [90.36], [91.17], [91.53], [90.9], [90.68], [91.08], [91.2], [90.54], [90.56], [90.53], [90.86], [90.96], [90.67], [90.82], [91.65], [91.23], [90.72]]

prompt2 of the 10 requests: 
Time taken for comparisons: 54.84519463102333 seconds.
 Starttime: 2026-03-26 14:16:33.159804 Endtime: 2026-03-26 14:17:28.004602
With GPU memory usage values (MiB): [[18159], [18179], [18179], [18179], [18179], [18179], [18179], [18179], [18179], [18179], [18179], [18179], [18179], [18179], [18179], [18179], [18179], [18179], [18181], [18183], [18185], [18185], [18185], [18187], [18187], [18187], [18187], [18189], [18189], [18189], [18189], [18189], [18189], [18189], [18189], [18189], [18189], [18189]]
GPU utilization values (%): [[12], [6], [6], [7], [7], [8], [8], [8], [8], [7], [6], [8], [5], [7], [7], [8], [8], [7], [7], [8], [8], [8], [7], [6], [7], [7], [5], [6], [8], [7], [7], [9], [9], [8], [8], [7], [7], [7]]
Power draw values (W): [[105.6], [90.64], [90.85], [89.79], [90.73], [90.74], [90.58], [90.99], [90.11], [91.08], [90.32], [91.13], [90.57], [90.44], [90.45], [90.78], [91.03], [90.17], [90.97], [91.63], [90.99], [91.24], [91.49], [90.86], [90.73], [90.71], [90.53], [90.86], [90.99], [90.75], [91.39], [91.56], [91.58], [90.72], [91.5], [91.12], [90.94], [90.94]]

prompt6 of the 10 requests: 
Time taken for comparisons: 59.94157783477567 seconds.
 Starttime: 2026-03-26 14:16:33.163610 Endtime: 2026-03-26 14:17:33.104851
With GPU memory usage values (MiB): [[18155], [18179], [18179], [18179], [18179], [18179], [18179], [18179], [18179], [18179], [18179], [18179], [18179], [18179], [18179], [18179], [18179], [18179], [18181], [18181], [18183], [18185], [18185], [18187], [18187], [18187], [18187], [18189], [18189], [18189], [18189], [18189], [18189], [18189], [18189], [18189], [18189], [18189], [18189], [18189], [18189], [18189], [18189]]
GPU utilization values (%): [[12], [7], [8], [9], [9], [7], [7], [7], [8], [7], [6], [8], [5], [7], [7], [8], [8], [7], [7], [7], [7], [6], [8], [6], [7], [7], [6], [6], [7], [7], [8], [6], [7], [6], [7], [7], [9], [7], [7], [8], [7], [9], [7]]
Power draw values (W): [[105.82], [90.7], [90.95], [91.2], [90.45], [91.05], [90.71], [90.52], [90.11], [91.08], [90.32], [90.67], [90.57], [91.05], [90.38], [90.78], [91.22], [90.36], [90.78], [91.6], [91.04], [91.22], [91.39], [90.86], [90.73], [90.71], [90.64], [91.01], [90.37], [91.0], [90.63], [90.82], [91.42], [91.07], [91.61], [91.08], [91.18], [90.91], [90.92], [90.87], [91.05], [90.81], [91.12]]

prompt7 of the 10 requests: 
Time taken for comparisons: 72.28603313211352 seconds.
 Starttime: 2026-03-26 14:16:33.165801 Endtime: 2026-03-26 14:17:45.451401
With GPU memory usage values (MiB): [[18159], [18179], [18179], [18179], [18179], [18179], [18179], [18179], [18179], [18179], [18179], [18179], [18179], [18179], [18179], [18179], [18179], [18179], [18181], [18183], [18185], [18185], [18187], [18187], [18187], [18187], [18189], [18189], [18189], [18189], [18189], [18189], [18189], [18189], [18189], [18189], [18189], [18189], [18189], [18189], [18189], [18189], [18189], [18189], [18189], [18189], [18189], [18189], [18189], [18189], [18189], [18189]]
GPU utilization values (%): [[12], [6], [6], [7], [7], [8], [8], [8], [8], [7], [6], [8], [5], [7], [7], [8], [6], [8], [6], [8], [7], [8], [6], [7], [7], [5], [6], [8], [8], [7], [7], [7], [6], [8], [8], [7], [8], [7], [7], [7], [7], [8], [7], [7], [8], [7], [8], [8], [8], [7], [7], [8]]
Power draw values (W): [[105.6], [90.64], [90.85], [89.79], [90.95], [90.92], [90.99], [91.23], [90.22], [91.08], [90.32], [90.67], [90.57], [90.44], [90.4], [90.83], [90.77], [90.31], [91.26], [90.89], [90.61], [91.39], [90.86], [90.73], [90.71], [90.56], [90.47], [90.68], [90.88], [90.62], [91.4], [91.41], [90.47], [91.56], [91.27], [91.31], [91.15], [91.2], [91.08], [91.05], [90.69], [91.46], [91.81], [91.4], [90.98], [91.24], [91.27], [91.03], [91.66], [91.47], [91.53], [91.17]]

prompt9 of the 10 requests: 
Time taken for comparisons: 74.09261703002267 seconds.
 Starttime: 2026-03-26 14:16:33.167684 Endtime: 2026-03-26 14:17:47.259831
With GPU memory usage values (MiB): [[18159], [18179], [18179], [18179], [18179], [18179], [18179], [18179], [18179], [18179], [18179], [18179], [18179], [18179], [18179], [18179], [18179], [18179], [18181], [18183], [18185], [18185], [18185], [18187], [18187], [18187], [18187], [18189], [18189], [18189], [18189], [18189], [18189], [18189], [18189], [18189], [18189], [18189], [18189], [18189], [18189], [18189], [18189], [18189], [18189], [18189], [18189], [18189], [18189], [18189], [18189], [18189], [18189], [18189]]
GPU utilization values (%): [[12], [6], [6], [7], [9], [6], [7], [8], [7], [6], [7], [7], [7], [8], [8], [7], [6], [6], [7], [8], [7], [8], [8], [8], [7], [7], [5], [9], [8], [7], [7], [8], [9], [7], [8], [7], [7], [7], [9], [7], [8], [9], [7], [8], [8], [8], [8], [7], [7], [7], [8], [7], [8], [8]]
Power draw values (W): [[104.46], [90.65], [90.81], [90.04], [91.0], [91.02], [90.52], [90.1], [91.06], [90.5], [90.67], [91.05], [90.93], [91.24], [90.47], [90.96], [90.72], [90.17], [90.97], [91.52], [91.5], [91.23], [91.49], [90.86], [90.73], [90.56], [90.39], [90.86], [90.99], [90.75], [91.22], [91.26], [91.49], [91.02], [90.99], [91.12], [90.94], [91.06], [91.08], [91.38], [91.0], [90.96], [91.55], [91.01], [91.24], [91.17], [91.48], [91.0], [91.09], [91.76], [91.69], [91.07], [91.61], [91.21]]

prompt4 of the 10 requests: 
Time taken for comparisons: 105.39717770903371 seconds.
 Starttime: 2026-03-26 14:16:33.162279 Endtime: 2026-03-26 14:18:18.559034
With GPU memory usage values (MiB): [[18155], [18179], [18179], [18179], [18179], [18179], [18179], [18179], [18179], [18179], [18179], [18179], [18179], [18179], [18179], [18179], [18179], [18179], [18181], [18183], [18185], [18185], [18187], [18187], [18187], [18187], [18187], [18189], [18189], [18189], [18189], [18189], [18189], [18189], [18189], [18189], [18189], [18189], [18189], [18189], [18189], [18189], [18189], [18189], [18189], [18189], [18189], [18189], [18189], [18189], [18189], [18189], [18189], [18189], [18189], [18189], [18189], [18189], [18189], [18189], [18189], [18189], [18189], [18189], [18189], [18189], [18189], [18189], [18189], [18189], [18189], [18189], [18189], [18189], [18189], [18189], [18189], [18189], [18189], [18189], [18189]]
GPU utilization values (%): [[12], [6], [6], [7], [9], [6], [7], [6], [8], [7], [7], [7], [5], [7], [7], [7], [6], [8], [7], [7], [6], [7], [7], [6], [6], [7], [8], [6], [6], [7], [6], [7], [6], [8], [7], [9], [7], [7], [8], [7], [7], [8], [7], [7], [8], [7], [8], [8], [8], [8], [7], [8], [8], [7], [7], [7], [8], [8], [7], [8], [8], [8], [8], [8], [9], [8], [8], [9], [8], [8], [8], [8], [8], [8], [8], [7], [9], [8], [8], [8], [8]]
Power draw values (W): [[105.6], [90.64], [90.85], [90.04], [91.0], [91.02], [90.86], [90.12], [90.93], [90.83], [91.0], [91.01], [90.57], [90.78], [90.45], [90.96], [90.77], [90.31], [91.17], [91.5], [90.61], [91.04], [90.97], [91.31], [90.46], [90.78], [91.04], [90.57], [91.15], [90.63], [90.8], [91.38], [91.13], [91.61], [91.08], [91.25], [91.03], [90.92], [90.87], [91.05], [90.69], [91.46], [91.81], [91.51], [90.98], [91.24], [91.27], [91.03], [91.29], [91.48], [91.62], [91.25], [91.4], [91.23], [91.56], [92.29], [91.47], [91.96], [92.25], [91.5], [91.82], [91.28], [91.72], [91.89], [91.54], [91.91], [91.51], [91.71], [91.93], [91.94], [92.0], [91.48], [92.29], [92.04], [91.51], [91.98], [91.67], [91.64], [91.73], [92.12], [91.68]]

prompt10 of the 10 requests: 
Time taken for comparisons: 145.25877076783217 seconds.
 Starttime: 2026-03-26 14:16:33.168630 Endtime: 2026-03-26 14:18:58.425392
With GPU memory usage values (MiB): [[18159], [18179], [18179], [18179], [18179], [18179], [18179], [18179], [18179], [18179], [18179], [18179], [18179], [18179], [18179], [18179], [18179], [18181], [18183], [18185], [18185], [18187], [18187], [18187], [18187], [18187], [18189], [18189], [18189], [18189], [18189], [18189], [18189], [18189], [18189], [18189], [18189], [18189], [18189], [18189], [18189], [18189], [18189], [18189], [18189], [18189], [18189], [18189], [18189], [18189], [18189], [18189], [18189], [18189], [18189], [18189], [18189], [18189], [18189], [18189], [18189], [18189], [18189], [18189], [18189], [18189], [18189], [18189], [18189], [18189], [18189], [18189], [18189], [18189], [18189], [18189], [18189], [18189], [18189], [18189], [18189], [18189], [18189], [18189], [18189], [18189], [18189], [18189], [18189], [18189], [18189], [18189], [18189], [18189], [18189], [18189], [18189], [18189], [18189], [18189], [18189], [18189], [18189], [18189], [18189], [18189], [18189], [18189], [18189], [18189], [18189], [18189], [18189], [18189], [18189], [18189], [18189]]
GPU utilization values (%): [[12], [6], [6], [7], [9], [6], [7], [8], [7], [6], [8], [5], [7], [7], [8], [6], [6], [7], [7], [6], [7], [7], [7], [7], [7], [5], [6], [8], [7], [8], [8], [7], [7], [8], [7], [7], [7], [8], [8], [8], [8], [8], [7], [7], [8], [8], [8], [8], [7], [8], [8], [8], [8], [9], [8], [8], [8], [8], [8], [8], [8], [8], [8], [8], [8], [8], [8], [9], [8], [8], [8], [8], [9], [8], [8], [8], [9], [8], [8], [9], [8], [9], [8], [8], [9], [10], [10], [9], [9], [9], [8], [9], [9], [9], [9], [9], [9], [9], [9], [8], [9], [9], [8], [9], [8], [9], [9], [8], [9], [8], [9], [9], [8], [8], [9], [8], [10]]
Power draw values (W): [[104.46], [90.65], [90.81], [90.04], [91.0], [91.02], [90.85], [90.11], [91.08], [90.32], [91.13], [90.57], [91.05], [90.45], [90.83], [90.78], [90.36], [90.91], [91.53], [90.9], [91.32], [91.29], [90.95], [90.54], [90.56], [90.53], [90.86], [90.94], [90.96], [90.81], [91.4], [91.3], [90.47], [91.51], [91.15], [91.04], [90.99], [91.05], [91.38], [90.81], [91.06], [90.86], [91.39], [91.47], [91.08], [91.48], [91.22], [91.11], [91.8], [91.83], [91.58], [91.19], [91.6], [91.51], [91.81], [91.62], [91.89], [91.66], [92.07], [91.65], [91.68], [91.19], [91.72], [91.84], [91.54], [92.39], [91.45], [91.71], [92.2], [91.96], [92.0], [91.48], [92.19], [92.36], [91.58], [92.23], [91.67], [91.85], [91.48], [92.19], [91.86], [91.81], [92.05], [92.03], [92.18], [92.07], [92.26], [92.35], [92.97], [92.28], [92.35], [92.81], [92.07], [92.15], [92.39], [92.35], [92.91], [92.37], [92.46], [92.24], [92.11], [92.1], [92.5], [92.14], [92.49], [92.07], [92.19], [92.7], [92.64], [92.28], [92.31], [92.92], [92.08], [92.44], [92.24], [92.38], [92.27]]

prompt8 of the 10 requests: 
Time taken for comparisons: 205.73183563281782 seconds.
 Starttime: 2026-03-26 14:16:33.167127 Endtime: 2026-03-26 14:19:58.898355
With GPU memory usage values (MiB): [[18159], [18179], [18179], [18179], [18179], [18179], [18179], [18179], [18179], [18179], [18179], [18179], [18179], [18179], [18179], [18179], [18179], [18179], [18181], [18181], [18183], [18185], [18185], [18187], [18187], [18187], [18187], [18189], [18189], [18189], [18189], [18189], [18189], [18189], [18189], [18189], [18189], [18189], [18189], [18189], [18189], [18189], [18189], [18189], [18189], [18189], [18189], [18189], [18189], [18189], [18189], [18189], [18189], [18189], [18189], [18189], [18189], [18189], [18189], [18189], [18189], [18189], [18189], [18189], [18189], [18189], [18189], [18189], [18189], [18189], [18189], [18189], [18189], [18189], [18189], [18189], [18189], [18189], [18189], [18189], [18189], [18189], [18189], [18189], [18189], [18189], [18189], [18189], [18189], [18189], [18189], [18189], [18189], [18189], [18189], [18189], [18189], [18189], [18189], [18189], [18189], [18189], [18189], [18189], [18189], [18189], [18189], [18189], [18189], [18189], [18189], [18189], [18189], [18189], [18189], [18189], [18189], [18189], [18189], [18189], [18189], [18189], [18189], [18189], [18189], [18189], [18189], [18189], [18189], [18189], [18189], [18189], [18189], [18189], [18189], [18189], [18189], [18189], [18189], [18189], [18189], [18189], [18189], [18189], [18189], [18189], [18189], [18189], [18189], [18189], [18189], [18189], [18189], [18189], [18189], [18189], [18189], [18189], [18189], [18189], [18189], [18189], [18189], [18189], [18189], [18189], [18189], [18189], [18189], [18189], [18189], [18189]]
GPU utilization values (%): [[12], [6], [7], [7], [9], [6], [7], [6], [8], [7], [6], [7], [5], [7], [7], [7], [8], [8], [8], [8], [8], [7], [8], [7], [6], [7], [5], [6], [8], [6], [7], [7], [6], [7], [8], [7], [7], [7], [7], [7], [7], [8], [8], [8], [7], [8], [8], [7], [7], [7], [8], [7], [8], [8], [8], [9], [8], [8], [8], [9], [8], [8], [9], [10], [8], [8], [9], [9], [9], [8], [9], [8], [8], [8], [8], [8], [8], [8], [8], [8], [9], [8], [8], [9], [9], [10], [9], [9], [8], [9], [8], [8], [9], [9], [9], [9], [10], [9], [9], [9], [8], [9], [9], [8], [9], [8], [9], [9], [9], [10], [9], [10], [9], [9], [9], [8], [9], [9], [9], [9], [9], [10], [10], [9], [9], [9], [10], [9], [9], [9], [10], [10], [10], [10], [10], [9], [9], [9], [10], [9], [9], [9], [9], [10], [10], [10], [10], [10], [9], [9], [9], [9], [10], [10], [10], [10], [10], [9], [9], [10], [10], [9], [10], [10], [9], [10], [10], [10], [10], [9], [10], [10]]
Power draw values (W): [[105.6], [90.64], [90.81], [90.04], [91.0], [91.02], [90.86], [90.12], [90.43], [90.74], [90.77], [91.13], [90.66], [91.05], [90.38], [90.78], [91.22], [90.94], [90.79], [91.26], [90.89], [91.22], [91.39], [90.97], [90.78], [90.71], [90.39], [90.86], [90.99], [90.76], [90.83], [91.41], [91.3], [90.72], [91.51], [91.15], [90.96], [91.0], [90.81], [91.37], [90.8], [90.78], [91.37], [91.86], [91.47], [91.17], [91.48], [91.0], [91.09], [91.66], [91.69], [91.07], [91.61], [91.21], [91.64], [91.94], [91.48], [92.08], [92.14], [91.86], [91.71], [91.43], [91.48], [91.96], [91.38], [92.82], [91.29], [91.27], [92.19], [92.06], [91.61], [91.86], [91.47], [92.79], [91.89], [91.54], [91.96], [92.16], [91.9], [91.57], [92.04], [92.07], [91.96], [92.13], [92.13], [92.27], [91.81], [92.89], [92.28], [92.41], [92.18], [92.44], [92.4], [92.29], [91.93], [92.19], [93.0], [92.55], [92.1], [92.78], [92.11], [91.56], [92.24], [92.77], [92.25], [92.34], [92.32], [92.22], [92.59], [92.38], [92.51], [92.35], [92.83], [92.18], [92.5], [92.54], [92.42], [92.75], [92.89], [92.58], [92.69], [92.79], [92.35], [93.4], [93.14], [92.77], [93.42], [93.11], [92.94], [92.88], [93.24], [93.09], [92.71], [92.75], [92.93], [93.46], [92.42], [92.94], [92.91], [92.4], [92.83], [93.08], [92.61], [92.52], [92.64], [92.56], [92.91], [92.81], [92.81], [92.67], [92.94], [92.61], [92.28], [92.9], [93.06], [93.06], [92.77], [92.44], [92.88], [92.78], [92.69], [93.55], [92.78], [92.89], [92.71], [93.21], [92.85], [93.13], [93.34], [92.94], [93.12], [93.03]]

prompt3 of the 10 requests: 
Time taken for comparisons: 244.43811241001822 seconds.
 Starttime: 2026-03-26 14:16:33.160008 Endtime: 2026-03-26 14:20:37.597754
With GPU memory usage values (MiB): [[18159], [18179], [18179], [18179], [18179], [18179], [18179], [18179], [18179], [18179], [18179], [18179], [18179], [18179], [18179], [18179], [18179], [18179], [18181], [18183], [18185], [18185], [18187], [18187], [18187], [18187], [18187], [18189], [18189], [18189], [18189], [18189], [18189], [18189], [18189], [18189], [18189], [18189], [18189], [18189], [18189], [18189], [18189], [18189], [18189], [18189], [18189], [18189], [18189], [18189], [18189], [18189], [18189], [18189], [18189], [18189], [18189], [18189], [18189], [18189], [18189], [18189], [18189], [18189], [18189], [18189], [18189], [18189], [18189], [18189], [18189], [18189], [18189], [18189], [18189], [18189], [18189], [18189], [18189], [18189], [18189], [18189], [18189], [18189], [18189], [18189], [18189], [18189], [18189], [18189], [18189], [18189], [18189], [18189], [18189], [18189], [18189], [18189], [18189], [18189], [18189], [18189], [18189], [18189], [18189], [18189], [18189], [18189], [18189], [18189], [18189], [18189], [18189], [18189], [18189], [18189], [18189], [18189], [18189], [18189], [18189], [18189], [18189], [18189], [18189], [18189], [18189], [18189], [18189], [18189], [18189], [18189], [18189], [18189], [18189], [18189], [18189], [18189], [18189], [18189], [18189], [18189], [18189], [18189], [18189], [18189], [18189], [18189], [18189], [18189], [18189], [18189], [18189], [18189], [18189], [18189], [18189], [18189], [18189], [18189], [18189], [18189], [18189], [18189], [18189], [18189], [18189], [18189], [18189], [18189], [18189], [18189], [18189], [18189], [18189], [18189], [18189], [18189], [18189], [18189], [18189], [18189], [18189], [18189], [18189], [18189], [18189], [18189], [18189], [18189], [18189], [18189], [18189], [18189], [18189], [18189], [18189], [18189], [18189], [18189], [18189], [18189], [18189], [18189], [18189], [18189], [18189]]
GPU utilization values (%): [[12], [6], [6], [7], [7], [8], [7], [8], [8], [7], [6], [8], [5], [7], [7], [7], [6], [8], [7], [7], [7], [7], [7], [6], [6], [7], [7], [7], [8], [8], [6], [7], [6], [8], [7], [8], [7], [7], [8], [7], [9], [7], [8], [9], [8], [7], [8], [9], [8], [7], [8], [7], [7], [8], [8], [9], [8], [8], [7], [8], [8], [8], [8], [8], [8], [7], [10], [8], [9], [9], [9], [9], [8], [9], [8], [9], [8], [9], [8], [9], [8], [7], [9], [8], [8], [8], [8], [9], [8], [9], [8], [8], [9], [9], [9], [9], [10], [9], [9], [8], [8], [9], [8], [8], [9], [8], [9], [9], [8], [8], [9], [9], [9], [8], [9], [8], [8], [9], [8], [9], [9], [10], [10], [8], [9], [9], [10], [9], [9], [9], [8], [10], [8], [9], [8], [9], [8], [9], [8], [9], [9], [9], [8], [10], [8], [10], [9], [10], [9], [7], [9], [9], [10], [9], [9], [9], [9], [8], [10], [9], [10], [8], [10], [9], [9], [9], [9], [9], [9], [10], [10], [11], [10], [11], [10], [11], [11], [11], [10], [11], [11], [11], [12], [11], [11], [12], [11], [11], [12], [11], [11], [11], [11], [11], [11], [12], [12], [12], [11], [11], [12], [11], [11], [11], [11], [12], [5]]
Power draw values (W): [[105.6], [90.64], [90.85], [90.14], [90.54], [90.52], [90.38], [90.82], [90.11], [91.08], [90.32], [90.67], [90.57], [90.78], [90.45], [90.96], [90.72], [90.36], [91.17], [91.5], [90.61], [91.39], [90.93], [91.31], [90.46], [90.59], [90.73], [90.45], [91.0], [90.63], [90.82], [91.21], [91.22], [91.44], [91.18], [91.58], [91.01], [90.98], [90.87], [91.05], [90.84], [91.12], [91.9], [91.36], [90.96], [91.02], [91.4], [91.1], [91.05], [91.66], [91.62], [91.07], [91.61], [91.21], [91.64], [91.94], [91.48], [91.96], [92.25], [91.5], [91.83], [91.28], [91.72], [91.81], [91.58], [92.65], [91.63], [91.57], [92.3], [92.02], [91.58], [92.07], [91.55], [92.46], [91.93], [91.61], [91.56], [91.95], [91.49], [91.76], [92.11], [92.06], [91.8], [92.16], [92.11], [92.12], [91.71], [92.71], [92.47], [92.49], [92.18], [92.65], [92.4], [92.29], [92.03], [92.04], [93.29], [92.07], [92.31], [92.6], [92.3], [91.74], [92.18], [92.39], [92.75], [92.11], [92.39], [92.18], [92.72], [92.3], [92.45], [92.58], [92.61], [92.12], [92.45], [92.29], [92.37], [92.65], [92.76], [92.58], [92.69], [92.82], [92.5], [93.26], [93.03], [92.76], [93.64], [93.12], [93.16], [92.46], [93.02], [93.34], [92.63], [92.77], [92.98], [93.09], [92.48], [92.92], [92.88], [92.36], [92.5], [92.83], [92.24], [92.56], [92.88], [92.44], [92.76], [92.39], [93.0], [92.59], [92.93], [92.6], [92.28], [92.97], [93.03], [93.02], [92.76], [92.41], [93.31], [92.41], [93.27], [92.86], [92.92], [93.23], [92.41], [93.3], [92.72], [93.28], [93.52], [92.78], [93.11], [93.2], [95.24], [94.15], [94.39], [94.35], [94.34], [94.5], [94.73], [94.68], [94.32], [94.27], [94.28], [94.0], [94.33], [94.18], [94.42], [94.47], [94.42], [94.19], [94.9], [94.95], [94.97], [94.64], [95.04], [94.5], [94.22], [95.65], [94.11], [94.59], [94.33], [94.46], [94.63], [94.95], [95.34], [94.99], [93.34]]

In total for 10 requests: Time taken for comparisons: 244.44080224796198 seconds.
With avg GPU memory usage values (MiB): 18186.164861612517
avg GPU utilization values (%): 8.04656862745098
avg Power draw values (W): 91.81354993983156
