--- Starting comparisons --- 
Initial GPU memory loaded: [11295] MiB
Of total GPU memory: [95830] MiB

promptBaseline of the 10 requests: 
Time taken for comparisons: 8.734150358010083 seconds.
 Starttime: 2026-03-26 09:39:07.308726 Endtime: 2026-03-26 09:39:16.042556
With GPU memory usage values (MiB): [[11369], [11371], [11375], [11379], [11381], [11385], [11387], [11389]]
GPU utilization values (%): [[27], [27], [27], [27], [27], [27], [27], [0]]
Power draw values (W): [[117.63], [121.91], [122.39], [121.89], [122.88], [122.95], [121.71], [91.24]]

prompt2 of the 10 requests: 
Time taken for comparisons: 79.82264451193623 seconds.
 Starttime: 2026-03-26 09:39:16.043431 Endtime: 2026-03-26 09:40:35.861595
With GPU memory usage values (MiB): [[11965], [11965], [11969], [11971], [11975], [11977], [11981], [11985], [11987], [11991], [11995], [11997], [12001], [12003], [12009], [12011], [12015], [12017], [12021], [12023], [12025], [12027], [12029], [12033], [12035], [12037], [12043], [12045], [12049], [12051], [12057], [12059], [12061], [12065], [12067], [12073], [12075], [12081], [12085], [12085], [12087], [12091], [12093], [12097], [12103], [12103], [12103], [12111], [12117], [12119], [12121], [12125]]
GPU utilization values (%): [[35], [14], [15], [15], [15], [17], [18], [15], [17], [15], [17], [18], [18], [19], [17], [19], [14], [18], [19], [18], [16], [17], [20], [16], [20], [18], [20], [17], [19], [19], [19], [17], [19], [20], [21], [18], [18], [17], [19], [17], [18], [21], [19], [20], [19], [16], [16], [17], [18], [19], [17], [20]]
Power draw values (W): [[176.58], [107.51], [109.57], [109.86], [108.81], [110.05], [109.43], [107.74], [108.36], [109.11], [109.6], [109.52], [109.53], [109.19], [109.73], [110.75], [109.17], [109.19], [109.61], [109.43], [109.16], [110.57], [110.1], [110.27], [110.74], [111.82], [111.12], [110.32], [110.23], [109.82], [109.57], [109.6], [110.72], [110.88], [111.18], [110.71], [109.71], [108.74], [110.01], [109.71], [110.07], [111.07], [109.97], [110.5], [110.64], [108.95], [110.51], [109.61], [110.22], [109.02], [110.72], [111.92]]

prompt6 of the 10 requests: 
Time taken for comparisons: 111.5512168018613 seconds.
 Starttime: 2026-03-26 09:39:16.044190 Endtime: 2026-03-26 09:41:07.594735
With GPU memory usage values (MiB): [[11965], [11965], [11969], [11971], [11975], [11977], [11981], [11985], [11987], [11991], [11995], [11997], [12001], [12003], [12007], [12011], [12015], [12017], [12019], [12021], [12023], [12025], [12027], [12031], [12035], [12037], [12043], [12043], [12047], [12051], [12055], [12059], [12061], [12061], [12065], [12067], [12073], [12075], [12081], [12085], [12085], [12089], [12093], [12095], [12099], [12103], [12103], [12105], [12111], [12117], [12119], [12121], [12125], [12125], [12125], [12125], [12125], [12125], [12125], [12129], [12131], [12131], [12131], [12133], [12137], [12149], [12151], [12153], [12157], [12159], [12161], [12161], [12161], [12167], [12179], [12181]]
GPU utilization values (%): [[35], [17], [15], [15], [14], [17], [18], [15], [17], [15], [17], [18], [16], [18], [17], [18], [17], [19], [15], [18], [17], [19], [14], [18], [19], [18], [18], [19], [18], [17], [19], [20], [17], [19], [20], [20], [18], [18], [17], [18], [18], [18], [18], [18], [18], [19], [19], [16], [17], [19], [19], [17], [19], [19], [18], [17], [18], [19], [18], [18], [20], [21], [18], [19], [16], [17], [16], [16], [18], [18], [17], [18], [20], [20], [20], [16]]
Power draw values (W): [[176.58], [107.61], [108.86], [109.86], [108.32], [109.49], [109.67], [107.32], [108.2], [109.11], [109.6], [109.52], [108.78], [108.72], [109.38], [110.03], [109.75], [110.01], [109.83], [110.25], [110.23], [109.69], [109.34], [109.67], [110.07], [110.82], [110.51], [109.53], [110.71], [111.32], [110.82], [110.26], [109.9], [110.72], [110.88], [111.18], [111.01], [109.72], [108.99], [109.76], [109.59], [108.99], [109.25], [110.82], [110.83], [111.75], [108.59], [110.65], [110.59], [111.22], [109.39], [110.72], [111.92], [110.48], [109.46], [108.17], [110.12], [109.64], [112.18], [111.08], [110.6], [112.24], [110.93], [110.24], [109.84], [109.65], [109.89], [110.27], [110.71], [110.17], [109.81], [110.36], [110.55], [110.5], [110.71], [110.25]]

prompt7 of the 10 requests: 
Time taken for comparisons: 111.62149752979167 seconds.
 Starttime: 2026-03-26 09:39:16.044389 Endtime: 2026-03-26 09:41:07.661015
With GPU memory usage values (MiB): [[11965], [11965], [11969], [11971], [11975], [11977], [11981], [11983], [11987], [11989], [11993], [11995], [11997], [12001], [12003], [12009], [12011], [12015], [12017], [12019], [12023], [12025], [12027], [12027], [12033], [12035], [12037], [12043], [12045], [12049], [12051], [12057], [12059], [12061], [12065], [12067], [12073], [12075], [12077], [12081], [12085], [12087], [12089], [12093], [12095], [12103], [12103], [12103], [12109], [12115], [12119], [12121], [12121], [12125], [12125], [12125], [12125], [12125], [12125], [12125], [12129], [12131], [12131], [12131], [12133], [12139], [12149], [12153], [12153], [12157], [12159], [12161], [12161], [12161], [12171], [12181], [12181]]
GPU utilization values (%): [[35], [17], [15], [15], [14], [17], [18], [18], [17], [18], [21], [20], [18], [18], [19], [17], [19], [18], [18], [18], [18], [18], [19], [20], [16], [19], [18], [19], [17], [19], [19], [18], [19], [17], [18], [18], [18], [17], [18], [18], [18], [17], [19], [15], [13], [19], [16], [20], [18], [18], [18], [18], [18], [19], [18], [17], [17], [17], [19], [18], [19], [18], [18], [17], [18], [18], [19], [19], [18], [18], [19], [19], [17], [18], [17], [19], [18]]
Power draw values (W): [[188.7], [107.31], [108.86], [109.86], [108.03], [108.88], [108.73], [109.47], [107.91], [109.09], [109.79], [109.86], [109.61], [109.53], [109.19], [109.73], [110.27], [109.17], [109.39], [109.26], [109.9], [110.01], [110.24], [109.7], [109.99], [110.36], [111.28], [111.12], [110.32], [110.23], [109.82], [109.44], [109.32], [110.04], [110.79], [109.98], [110.31], [110.36], [111.26], [110.33], [109.8], [110.26], [109.93], [109.12], [110.32], [110.4], [108.96], [109.86], [109.32], [109.38], [111.27], [109.53], [110.59], [112.57], [110.38], [109.89], [108.52], [110.44], [109.72], [110.55], [108.72], [110.84], [111.08], [110.51], [110.93], [109.49], [110.44], [110.34], [110.33], [110.39], [110.81], [109.69], [109.52], [110.03], [109.82], [111.62], [110.58]]

prompt1 of the 10 requests: 
Time taken for comparisons: 118.48779097292572 seconds.
 Starttime: 2026-03-26 09:39:16.043228 Endtime: 2026-03-26 09:41:14.530487
With GPU memory usage values (MiB): [[11965], [11965], [11969], [11971], [11975], [11977], [11981], [11983], [11985], [11989], [11991], [11995], [11997], [12001], [12003], [12009], [12011], [12015], [12017], [12021], [12023], [12025], [12027], [12033], [12035], [12037], [12043], [12045], [12047], [12051], [12055], [12059], [12061], [12061], [12065], [12067], [12073], [12075], [12081], [12085], [12085], [12089], [12093], [12097], [12103], [12103], [12103], [12111], [12117], [12119], [12121], [12123], [12125], [12125], [12125], [12125], [12125], [12125], [12125], [12131], [12131], [12131], [12131], [12137], [12145], [12151], [12153], [12155], [12157], [12159], [12161], [12161], [12165], [12177], [12181], [12181], [12181], [12181], [12181], [12181], [12181]]
GPU utilization values (%): [[35], [17], [15], [15], [14], [17], [17], [17], [19], [18], [15], [17], [18], [18], [19], [17], [19], [14], [18], [16], [17], [17], [14], [17], [19], [18], [20], [17], [18], [18], [18], [18], [17], [19], [19], [20], [19], [20], [19], [18], [18], [19], [15], [20], [19], [16], [20], [17], [18], [19], [18], [19], [16], [18], [19], [19], [19], [19], [16], [16], [20], [18], [18], [18], [18], [18], [19], [17], [17], [19], [20], [19], [12], [20], [16], [19], [19], [18], [18], [18], [18]]
Power draw values (W): [[188.7], [107.61], [108.86], [109.4], [108.03], [108.88], [109.12], [109.71], [108.06], [108.58], [109.11], [109.6], [109.52], [109.53], [109.19], [109.73], [110.27], [109.53], [109.6], [110.25], [110.23], [109.69], [109.21], [109.99], [110.07], [111.28], [110.78], [109.91], [109.84], [109.72], [109.65], [110.29], [109.93], [111.23], [111.66], [111.76], [111.55], [109.72], [109.8], [109.76], [109.65], [109.84], [109.97], [110.35], [110.64], [108.95], [110.22], [110.32], [110.22], [109.02], [110.63], [110.95], [110.58], [110.86], [110.18], [109.63], [110.9], [110.79], [111.39], [109.02], [111.31], [110.17], [109.8], [110.63], [109.53], [110.95], [110.51], [110.89], [110.64], [110.64], [110.44], [109.42], [109.18], [110.4], [110.05], [109.86], [111.18], [110.99], [112.09], [110.41], [110.33]]

prompt5 of the 10 requests: 
Time taken for comparisons: 122.08234837208875 seconds.
 Starttime: 2026-03-26 09:39:16.043989 Endtime: 2026-03-26 09:41:18.125772
With GPU memory usage values (MiB): [[11965], [11965], [11969], [11973], [11975], [11977], [11981], [11985], [11987], [11991], [11995], [11997], [12001], [12003], [12007], [12009], [12013], [12015], [12017], [12021], [12023], [12025], [12027], [12031], [12035], [12037], [12039], [12043], [12045], [12049], [12051], [12057], [12059], [12061], [12065], [12067], [12071], [12075], [12077], [12081], [12085], [12087], [12089], [12093], [12095], [12101], [12103], [12103], [12107], [12113], [12119], [12119], [12121], [12125], [12125], [12125], [12125], [12125], [12125], [12125], [12129], [12131], [12131], [12131], [12133], [12139], [12149], [12153], [12153], [12157], [12159], [12161], [12161], [12165], [12175], [12181], [12181], [12181], [12181], [12181], [12181], [12181], [12181], [12181], [12181]]
GPU utilization values (%): [[35], [14], [15], [19], [14], [17], [18], [15], [14], [19], [18], [18], [17], [18], [17], [20], [19], [18], [18], [16], [20], [17], [18], [18], [18], [18], [18], [17], [19], [19], [19], [19], [17], [17], [18], [18], [18], [18], [18], [21], [18], [17], [19], [15], [13], [18], [16], [17], [18], [17], [21], [12], [17], [20], [18], [17], [16], [17], [19], [17], [17], [17], [18], [17], [18], [18], [19], [19], [18], [17], [16], [17], [19], [12], [19], [18], [18], [17], [18], [20], [20], [20], [17], [18], [20]]
Power draw values (W): [[176.58], [107.51], [109.99], [109.87], [108.81], [110.05], [109.67], [107.74], [108.2], [108.73], [109.08], [108.64], [108.44], [110.23], [109.49], [110.09], [110.68], [109.53], [109.54], [109.43], [109.78], [109.15], [109.15], [109.84], [108.81], [110.13], [111.94], [111.39], [110.67], [110.85], [109.96], [109.57], [109.6], [110.4], [110.79], [109.98], [110.68], [111.14], [110.83], [110.42], [110.02], [110.26], [109.84], [108.89], [110.32], [110.19], [108.84], [109.69], [109.7], [110.49], [112.18], [109.51], [110.54], [112.28], [110.68], [110.23], [108.85], [110.32], [109.72], [110.55], [108.86], [110.98], [111.33], [110.72], [110.54], [109.46], [110.51], [110.34], [110.58], [111.1], [110.56], [110.07], [109.26], [109.18], [110.11], [109.95], [110.26], [111.52], [110.96], [112.49], [110.58], [110.41], [111.36], [111.78], [111.62]]

prompt9 of the 10 requests: 
Time taken for comparisons: 129.00458692898974 seconds.
 Starttime: 2026-03-26 09:39:16.044861 Endtime: 2026-03-26 09:41:25.045747
With GPU memory usage values (MiB): [[11965], [11965], [11969], [11973], [11975], [11977], [11981], [11985], [11987], [11991], [11995], [11997], [12001], [12003], [12007], [12011], [12015], [12017], [12019], [12021], [12023], [12025], [12027], [12033], [12035], [12037], [12041], [12043], [12045], [12049], [12053], [12059], [12059], [12061], [12065], [12067], [12073], [12075], [12081], [12085], [12085], [12089], [12093], [12095], [12099], [12103], [12103], [12105], [12111], [12117], [12119], [12121], [12125], [12125], [12125], [12125], [12125], [12125], [12125], [12131], [12131], [12131], [12131], [12137], [12149], [12153], [12153], [12157], [12159], [12161], [12161], [12163], [12173], [12181], [12181], [12181], [12181], [12181], [12181], [12181], [12181], [12181], [12181], [12181], [12181], [12181], [12181], [12181], [12181]]
GPU utilization values (%): [[35], [14], [15], [19], [14], [17], [18], [15], [14], [19], [17], [16], [16], [18], [17], [18], [18], [17], [18], [18], [17], [17], [14], [17], [18], [18], [18], [17], [19], [18], [20], [20], [17], [19], [19], [20], [19], [18], [17], [18], [17], [18], [17], [17], [18], [19], [19], [20], [17], [19], [12], [17], [20], [18], [17], [16], [19], [19], [16], [16], [20], [16], [19], [18], [19], [19], [18], [18], [18], [17], [19], [19], [19], [18], [19], [19], [15], [21], [17], [20], [17], [19], [20], [19], [19], [19], [19], [19], [19]]
Power draw values (W): [[176.58], [107.31], [109.57], [109.86], [108.32], [110.05], [109.43], [107.74], [108.2], [108.87], [109.16], [109.52], [108.78], [108.95], [109.6], [109.84], [109.32], [110.11], [109.63], [110.56], [110.23], [109.69], [109.21], [109.77], [109.62], [110.09], [110.36], [110.13], [111.21], [111.79], [110.82], [110.26], [109.6], [110.72], [110.97], [111.65], [111.55], [109.71], [108.74], [109.76], [109.59], [108.97], [109.93], [110.48], [110.66], [111.07], [108.96], [110.65], [110.59], [111.22], [109.17], [110.54], [112.57], [110.68], [110.23], [109.08], [110.9], [110.16], [111.39], [109.02], [111.31], [110.29], [110.19], [109.84], [110.01], [110.07], [110.58], [110.39], [110.72], [109.42], [109.26], [108.47], [109.6], [111.32], [109.89], [111.74], [110.79], [112.24], [110.58], [110.34], [111.03], [111.23], [111.62], [110.89], [111.0], [111.77], [111.55], [111.48], [111.56]]

prompt10 of the 10 requests: 
Time taken for comparisons: 131.80926058185287 seconds.
 Starttime: 2026-03-26 09:39:16.045069 Endtime: 2026-03-26 09:41:27.850064
With GPU memory usage values (MiB): [[11965], [11965], [11969], [11971], [11975], [11977], [11981], [11985], [11987], [11991], [11993], [11997], [11997], [12001], [12005], [12009], [12011], [12015], [12017], [12019], [12023], [12023], [12027], [12027], [12033], [12035], [12037], [12043], [12045], [12047], [12051], [12055], [12059], [12061], [12063], [12065], [12067], [12073], [12075], [12081], [12085], [12085], [12089], [12093], [12095], [12103], [12103], [12103], [12111], [12117], [12119], [12121], [12121], [12125], [12125], [12125], [12125], [12125], [12125], [12125], [12131], [12131], [12131], [12131], [12137], [12149], [12151], [12153], [12157], [12159], [12161], [12161], [12161], [12167], [12179], [12181], [12181], [12181], [12181], [12181], [12181], [12181], [12181], [12181], [12181], [12181], [12181], [12181], [12181], [12181], [12181], [12181], [12181]]
GPU utilization values (%): [[35], [17], [15], [15], [14], [17], [18], [17], [17], [17], [17], [20], [20], [18], [19], [17], [14], [14], [19], [17], [17], [18], [19], [20], [16], [19], [18], [19], [17], [19], [18], [18], [18], [17], [19], [20], [20], [19], [18], [19], [18], [17], [19], [15], [13], [19], [16], [20], [17], [18], [17], [17], [17], [18], [20], [18], [16], [19], [19], [16], [21], [21], [16], [19], [18], [17], [16], [16], [18], [18], [17], [19], [20], [20], [20], [19], [21], [17], [19], [18], [19], [19], [19], [19], [18], [19], [20], [20], [19], [19], [20], [19], [20]]
Power draw values (W): [[188.7], [107.31], [109.57], [109.86], [108.81], [109.49], [109.43], [107.27], [108.1], [109.94], [109.81], [109.86], [109.61], [110.03], [109.19], [109.73], [110.27], [109.0], [110.15], [110.12], [110.5], [110.58], [110.24], [109.7], [109.99], [110.07], [110.82], [111.12], [109.91], [110.02], [110.07], [109.42], [109.77], [110.0], [111.34], [111.52], [111.76], [111.55], [109.72], [109.8], [109.76], [109.65], [109.93], [109.12], [110.35], [110.4], [108.96], [110.22], [109.58], [110.15], [109.29], [110.44], [110.49], [112.1], [110.68], [110.23], [109.08], [110.9], [110.16], [111.25], [109.63], [112.2], [110.29], [110.19], [109.84], [109.65], [109.89], [110.27], [110.71], [110.17], [109.81], [110.11], [110.55], [110.5], [111.11], [110.25], [111.12], [109.96], [111.63], [109.35], [109.86], [110.86], [111.94], [111.88], [111.44], [110.5], [111.69], [112.23], [111.84], [111.43], [111.91], [112.79], [112.4]]

prompt8 of the 10 requests: 
Time taken for comparisons: 142.78451363602653 seconds.
 Starttime: 2026-03-26 09:39:16.044631 Endtime: 2026-03-26 09:41:38.828741
With GPU memory usage values (MiB): [[11965], [11965], [11969], [11971], [11973], [11977], [11979], [11981], [11985], [11987], [11991], [11993], [11997], [11999], [12003], [12005], [12009], [12013], [12015], [12017], [12021], [12023], [12025], [12027], [12031], [12035], [12035], [12039], [12043], [12045], [12049], [12051], [12057], [12059], [12061], [12065], [12067], [12071], [12073], [12075], [12081], [12085], [12085], [12089], [12093], [12095], [12101], [12103], [12103], [12105], [12111], [12117], [12119], [12121], [12125], [12125], [12125], [12125], [12125], [12125], [12125], [12127], [12131], [12131], [12131], [12133], [12137], [12147], [12151], [12153], [12155], [12159], [12159], [12161], [12161], [12165], [12177], [12181], [12181], [12181], [12181], [12181], [12181], [12181], [12181], [12181], [12181], [12181], [12181], [12181], [12181], [12181], [12181], [12181], [12181], [12181], [12181], [12181], [12181], [12181], [12181], [12181], [12181], [12181], [12181]]
GPU utilization values (%): [[35], [14], [18], [17], [17], [20], [17], [18], [15], [14], [17], [18], [18], [18], [20], [17], [17], [19], [18], [18], [16], [20], [17], [18], [18], [17], [19], [20], [17], [19], [19], [19], [19], [19], [18], [17], [17], [18], [17], [20], [19], [18], [18], [19], [17], [18], [17], [17], [18], [20], [17], [19], [12], [17], [20], [19], [17], [17], [18], [17], [18], [18], [20], [21], [18], [18], [18], [17], [19], [19], [17], [19], [19], [20], [18], [12], [20], [16], [19], [17], [18], [18], [18], [18], [18], [18], [19], [18], [18], [18], [19], [20], [18], [20], [21], [20], [20], [19], [19], [20], [20], [20], [21], [20], [23]]
Power draw values (W): [[188.7], [108.08], [108.68], [110.63], [109.37], [108.86], [110.12], [109.67], [107.32], [107.99], [109.52], [109.91], [109.96], [109.5], [110.74], [109.71], [109.73], [110.75], [109.53], [109.54], [109.43], [109.32], [108.81], [109.54], [109.95], [109.63], [110.54], [112.09], [111.29], [110.67], [110.85], [109.96], [109.66], [109.32], [109.62], [110.11], [110.45], [111.91], [111.68], [110.38], [109.8], [109.76], [109.65], [109.84], [108.81], [109.59], [110.07], [111.71], [109.12], [110.65], [110.59], [111.22], [109.17], [110.54], [112.28], [110.48], [109.89], [108.17], [110.12], [110.33], [112.0], [111.01], [110.6], [112.04], [110.93], [110.24], [109.71], [109.79], [110.02], [110.61], [110.6], [110.03], [110.75], [110.55], [109.46], [109.18], [110.71], [110.25], [111.12], [109.96], [111.16], [110.55], [111.31], [111.25], [111.95], [111.99], [111.31], [111.05], [111.18], [112.15], [111.9], [111.33], [111.83], [113.15], [112.6], [113.67], [112.67], [112.55], [112.89], [112.86], [113.0], [112.47], [113.49], [112.58], [115.61]]

prompt4 of the 10 requests: 
Time taken for comparisons: 143.29969370085746 seconds.
 Starttime: 2026-03-26 09:39:16.043819 Endtime: 2026-03-26 09:41:39.343117
With GPU memory usage values (MiB): [[11965], [11965], [11969], [11971], [11975], [11977], [11979], [11981], [11985], [11987], [11991], [11995], [11997], [12001], [12003], [12007], [12011], [12013], [12015], [12017], [12021], [12023], [12025], [12027], [12031], [12035], [12037], [12041], [12043], [12045], [12049], [12053], [12057], [12061], [12061], [12065], [12067], [12073], [12075], [12081], [12085], [12085], [12089], [12093], [12095], [12101], [12103], [12103], [12111], [12117], [12119], [12121], [12123], [12125], [12125], [12125], [12125], [12125], [12125], [12125], [12131], [12131], [12131], [12131], [12137], [12145], [12151], [12153], [12155], [12157], [12159], [12161], [12161], [12165], [12177], [12181], [12181], [12181], [12181], [12181], [12181], [12181], [12181], [12181], [12181], [12181], [12181], [12181], [12181], [12181], [12181], [12181], [12181], [12181], [12181], [12181], [12181], [12181], [12181], [12181], [12181], [12181], [12181]]
GPU utilization values (%): [[35], [17], [18], [17], [17], [17], [19], [20], [15], [14], [19], [18], [16], [16], [16], [17], [17], [19], [16], [15], [18], [17], [17], [14], [18], [18], [17], [17], [17], [20], [18], [19], [20], [17], [19], [20], [20], [18], [18], [17], [18], [18], [19], [15], [13], [19], [16], [20], [17], [18], [17], [18], [19], [16], [17], [21], [19], [19], [19], [16], [16], [20], [16], [18], [18], [18], [19], [17], [17], [17], [19], [20], [18], [12], [20], [16], [19], [17], [19], [17], [15], [18], [18], [19], [20], [18], [19], [19], [18], [19], [20], [19], [21], [20], [20], [20], [20], [20], [20], [20], [20], [21], [27]]
Power draw values (W): [[188.7], [107.61], [108.41], [108.68], [108.69], [108.37], [110.08], [109.67], [107.74], [108.2], [108.73], [109.16], [108.39], [108.33], [108.79], [109.33], [110.11], [110.37], [109.67], [109.83], [110.25], [110.07], [109.69], [109.34], [109.77], [109.62], [109.63], [110.77], [110.51], [111.13], [111.46], [110.29], [110.26], [109.9], [110.72], [110.97], [111.18], [111.01], [109.72], [108.99], [109.76], [109.65], [109.84], [108.89], [110.32], [110.19], [108.96], [110.22], [109.61], [110.15], [109.29], [110.63], [110.79], [110.94], [110.51], [110.18], [109.63], [110.9], [110.16], [111.25], [109.63], [111.53], [110.17], [110.09], [110.88], [109.29], [110.78], [110.47], [110.64], [110.64], [110.64], [110.44], [109.46], [110.05], [110.71], [110.25], [111.12], [109.96], [111.63], [109.85], [110.34], [111.14], [111.7], [111.76], [111.1], [110.81], [112.05], [112.14], [111.82], [111.9], [112.03], [112.71], [113.29], [112.97], [112.69], [112.83], [112.51], [112.97], [112.82], [112.35], [113.33], [113.86], [119.01]]

prompt3 of the 10 requests: 
Time taken for comparisons: 153.67357302992605 seconds.
 Starttime: 2026-03-26 09:39:16.043634 Endtime: 2026-03-26 09:41:49.715265
With GPU memory usage values (MiB): [[11965], [11965], [11969], [11971], [11975], [11977], [11981], [11985], [11987], [11991], [11993], [11997], [11999], [12003], [12005], [12009], [12011], [12015], [12017], [12021], [12023], [12025], [12027], [12029], [12033], [12035], [12039], [12043], [12045], [12049], [12051], [12057], [12059], [12061], [12065], [12067], [12073], [12075], [12079], [12083], [12085], [12087], [12091], [12093], [12097], [12103], [12103], [12103], [12111], [12117], [12119], [12121], [12125], [12125], [12125], [12125], [12125], [12125], [12125], [12131], [12131], [12131], [12131], [12133], [12143], [12149], [12153], [12155], [12157], [12159], [12161], [12161], [12165], [12177], [12181], [12181], [12181], [12181], [12181], [12181], [12181], [12181], [12181], [12181], [12181], [12181], [12181], [12181], [12181], [12181], [12181], [12181], [12181], [12181], [12181], [12181], [12181], [12181], [12181], [12181], [12181], [12181], [12181], [12181], [12181], [12181], [12181], [12181], [12181], [12181], [12181]]
GPU utilization values (%): [[35], [14], [19], [15], [14], [17], [18], [15], [16], [17], [18], [18], [20], [20], [17], [17], [19], [18], [18], [19], [20], [18], [18], [17], [21], [20], [20], [20], [19], [19], [19], [19], [19], [19], [20], [21], [18], [17], [17], [17], [17], [19], [18], [15], [13], [19], [16], [16], [17], [19], [12], [17], [20], [18], [17], [17], [17], [19], [18], [19], [18], [18], [17], [17], [17], [19], [20], [18], [17], [16], [17], [18], [12], [20], [16], [19], [17], [19], [17], [15], [18], [19], [20], [19], [19], [19], [19], [18], [19], [19], [19], [20], [20], [19], [20], [20], [20], [20], [20], [20], [21], [27], [27], [26], [27], [27], [27], [26], [28], [26], [0]]
Power draw values (W): [[176.58], [107.31], [109.99], [109.86], [108.32], [110.05], [109.43], [107.27], [107.99], [109.52], [109.91], [109.96], [109.45], [110.74], [109.71], [109.73], [110.75], [109.53], [109.54], [109.61], [109.32], [108.67], [109.78], [109.83], [110.1], [110.57], [111.82], [110.78], [110.67], [110.85], [109.82], [109.57], [109.6], [110.4], [110.66], [110.78], [110.71], [109.38], [108.75], [111.04], [109.25], [110.29], [110.17], [109.12], [110.35], [110.64], [108.95], [110.51], [110.32], [111.22], [109.17], [110.54], [112.28], [110.38], [109.89], [108.85], [110.32], [109.72], [111.04], [108.72], [110.82], [110.8], [110.24], [110.8], [108.78], [110.74], [110.23], [110.13], [110.96], [110.57], [110.44], [109.46], [109.18], [110.71], [110.25], [111.43], [109.96], [111.63], [109.85], [110.34], [111.14], [111.23], [111.62], [110.89], [111.0], [112.14], [111.55], [111.48], [111.9], [112.19], [112.69], [113.49], [112.64], [112.53], [112.95], [112.76], [112.73], [112.91], [112.97], [112.43], [115.36], [121.81], [123.07], [122.67], [122.68], [123.01], [123.95], [123.46], [123.7], [123.21], [111.53]]

In total for 10 requests: Time taken for comparisons: 153.67566736391746 seconds.
With avg GPU memory usage values (MiB): 12087.47247706422
avg GPU utilization values (%): 18.195177956371985
avg Power draw values (W): 111.21149082568806
