--- Starting comparisons --- 
Initial GPU memory loaded: [67145] MiB
Of total GPU memory: [95830] MiB

promptBaseline of the 10 requests: 
Time taken for comparisons: 8.71356026828289 seconds.
 Starttime: 2026-04-07 15:31:08.310065 Endtime: 2026-04-07 15:31:17.023258
With GPU memory usage values (MiB): [[67217], [67219], [67219], [67219], [67221], [67221], [67221], [67221]]
GPU utilization values (%): [[1], [0], [11], [12], [11], [11], [11], [0]]
Power draw values (W): [[86.57], [95.31], [90.38], [94.64], [94.2], [94.81], [94.5], [89.93]]

prompt2 of the 10 requests: 
Time taken for comparisons: 63.03236376307905 seconds.
 Starttime: 2026-04-07 15:31:17.024709 Endtime: 2026-04-07 15:32:20.056185
With GPU memory usage values (MiB): [[67867], [67907], [67907], [67907], [67907], [67907], [67907], [67907], [67907], [67907], [67907], [67907], [67907], [67907], [67907], [67907], [67907], [67907], [67907], [67907], [67907], [67909], [67909], [67911], [67911], [67911], [67911], [67911], [67915], [67919], [67919], [67919], [67919], [67923], [67925], [67925], [67925], [67925], [67925], [67927], [67927], [67927], [67927], [67931]]
GPU utilization values (%): [[16], [7], [7], [7], [7], [7], [6], [7], [6], [7], [7], [7], [7], [7], [8], [7], [7], [8], [8], [7], [7], [6], [7], [6], [7], [8], [7], [6], [6], [8], [7], [8], [7], [7], [6], [7], [7], [7], [8], [8], [7], [5], [7], [6]]
Power draw values (W): [[131.1], [91.21], [91.52], [90.63], [90.55], [91.35], [91.73], [91.35], [91.92], [90.56], [92.09], [91.79], [91.49], [92.1], [91.24], [91.06], [90.75], [91.9], [91.7], [91.06], [91.62], [91.78], [91.51], [91.66], [91.32], [91.68], [91.45], [91.22], [91.56], [91.53], [91.91], [91.88], [92.2], [91.09], [91.4], [90.86], [91.96], [91.19], [91.13], [91.4], [91.09], [91.24], [91.08], [91.89]]

prompt1 of the 10 requests: 
Time taken for comparisons: 75.17947046877816 seconds.
 Starttime: 2026-04-07 15:31:17.023985 Endtime: 2026-04-07 15:32:32.203059
With GPU memory usage values (MiB): [[67871], [67907], [67907], [67907], [67907], [67907], [67907], [67907], [67907], [67907], [67907], [67907], [67907], [67907], [67907], [67907], [67907], [67907], [67907], [67907], [67909], [67909], [67911], [67911], [67911], [67911], [67911], [67911], [67915], [67919], [67919], [67919], [67923], [67923], [67925], [67925], [67925], [67925], [67927], [67927], [67927], [67927], [67927], [67931], [67931], [67931], [67931], [67931], [67931], [67931], [67931], [67931], [67931]]
GPU utilization values (%): [[14], [7], [8], [6], [7], [7], [8], [7], [7], [9], [7], [7], [7], [6], [7], [8], [9], [7], [7], [7], [6], [7], [6], [7], [8], [8], [8], [7], [7], [6], [7], [7], [7], [8], [6], [8], [6], [7], [7], [7], [7], [7], [7], [8], [8], [7], [7], [8], [8], [7], [6], [8], [6]]
Power draw values (W): [[129.24], [90.42], [90.85], [91.26], [91.67], [91.83], [90.81], [91.04], [91.93], [91.7], [91.49], [91.35], [91.64], [91.36], [91.53], [91.81], [91.38], [91.2], [91.13], [91.62], [91.78], [91.51], [91.66], [91.32], [91.29], [91.4], [91.58], [91.03], [91.36], [91.66], [91.37], [91.49], [91.96], [91.64], [90.49], [91.44], [91.21], [90.79], [91.85], [91.5], [91.42], [90.81], [90.68], [91.97], [91.63], [91.77], [91.33], [91.78], [91.18], [91.01], [91.03], [91.34], [91.67]]

prompt6 of the 10 requests: 
Time taken for comparisons: 75.67481297487393 seconds.
 Starttime: 2026-04-07 15:31:17.028030 Endtime: 2026-04-07 15:32:32.702437
With GPU memory usage values (MiB): [[67871], [67907], [67907], [67907], [67907], [67907], [67907], [67907], [67907], [67907], [67907], [67907], [67907], [67907], [67907], [67907], [67907], [67907], [67907], [67907], [67909], [67909], [67911], [67911], [67911], [67911], [67911], [67911], [67915], [67919], [67919], [67919], [67923], [67925], [67925], [67925], [67925], [67925], [67927], [67927], [67927], [67927], [67927], [67931], [67931], [67931], [67931], [67931], [67931], [67931], [67931], [67931], [67931]]
GPU utilization values (%): [[14], [7], [8], [6], [7], [6], [7], [8], [7], [7], [8], [7], [7], [6], [7], [7], [7], [7], [7], [8], [6], [7], [6], [6], [7], [8], [8], [8], [7], [6], [7], [7], [8], [8], [7], [7], [7], [6], [7], [9], [8], [8], [6], [7], [7], [8], [6], [7], [7], [7], [8], [7], [8]]
Power draw values (W): [[129.24], [90.42], [90.85], [91.26], [91.35], [91.73], [91.37], [91.92], [90.99], [91.58], [92.19], [91.49], [92.0], [91.36], [91.06], [91.06], [91.58], [91.64], [91.43], [91.35], [91.43], [91.58], [91.66], [91.55], [91.52], [91.55], [91.27], [91.11], [91.36], [91.66], [91.64], [91.32], [91.12], [91.8], [90.41], [91.87], [90.81], [90.74], [91.27], [91.36], [91.21], [91.46], [90.66], [91.8], [91.43], [91.58], [91.13], [91.22], [91.2], [91.42], [91.62], [91.49], [91.63]]

prompt9 of the 10 requests: 
Time taken for comparisons: 82.00636684009805 seconds.
 Starttime: 2026-04-07 15:31:17.029115 Endtime: 2026-04-07 15:32:39.035137
With GPU memory usage values (MiB): [[67871], [67907], [67907], [67907], [67907], [67907], [67907], [67907], [67907], [67907], [67907], [67907], [67907], [67907], [67907], [67907], [67907], [67907], [67907], [67907], [67909], [67909], [67911], [67911], [67911], [67911], [67911], [67911], [67915], [67919], [67919], [67919], [67923], [67923], [67925], [67925], [67925], [67925], [67925], [67927], [67927], [67927], [67927], [67931], [67931], [67931], [67931], [67931], [67931], [67931], [67931], [67931], [67931], [67931], [67931], [67931], [67931], [67931], [67931]]
GPU utilization values (%): [[14], [7], [7], [6], [7], [6], [8], [7], [7], [9], [9], [7], [7], [8], [10], [8], [7], [7], [7], [7], [6], [7], [6], [8], [7], [8], [8], [6], [7], [7], [7], [8], [9], [7], [7], [7], [7], [7], [8], [8], [8], [5], [7], [6], [7], [8], [7], [8], [6], [7], [6], [8], [7], [8], [8], [8], [8], [8], [8]]
Power draw values (W): [[129.24], [90.43], [91.28], [91.26], [91.67], [91.83], [91.42], [90.67], [91.94], [91.7], [91.51], [91.35], [91.86], [91.99], [91.76], [91.47], [91.44], [91.14], [91.13], [91.62], [92.51], [91.51], [91.62], [91.53], [91.51], [91.52], [91.27], [91.11], [91.56], [91.7], [91.75], [91.75], [92.24], [91.12], [91.35], [91.69], [92.22], [91.19], [91.13], [91.43], [91.09], [91.24], [91.08], [91.89], [91.64], [91.67], [91.59], [91.39], [91.12], [91.05], [91.26], [91.53], [91.68], [92.35], [91.47], [92.54], [91.73], [91.9], [91.77]]

prompt5 of the 10 requests: 
Time taken for comparisons: 113.03042813017964 seconds.
 Starttime: 2026-04-07 15:31:17.026710 Endtime: 2026-04-07 15:33:10.056577
With GPU memory usage values (MiB): [[67871], [67907], [67907], [67907], [67907], [67907], [67907], [67907], [67907], [67907], [67907], [67907], [67907], [67907], [67907], [67907], [67907], [67907], [67907], [67907], [67909], [67909], [67911], [67911], [67911], [67911], [67911], [67915], [67919], [67919], [67919], [67923], [67923], [67925], [67925], [67925], [67925], [67927], [67927], [67927], [67927], [67927], [67931], [67931], [67931], [67931], [67931], [67931], [67931], [67931], [67931], [67931], [67931], [67931], [67931], [67931], [67931], [67931], [67931], [67931], [67931], [67931], [67931], [67931], [67931], [67931], [67931], [67931], [67931], [67931], [67931], [67931], [67931], [67931], [67931], [67931], [67931], [67931], [67931], [67931], [67931], [67931], [67931]]
GPU utilization values (%): [[14], [7], [6], [6], [7], [6], [7], [6], [7], [8], [7], [6], [7], [8], [7], [7], [7], [7], [8], [7], [6], [7], [6], [7], [7], [7], [6], [7], [7], [8], [7], [7], [7], [7], [8], [7], [7], [8], [8], [8], [5], [7], [8], [8], [8], [8], [7], [7], [7], [8], [7], [7], [7], [8], [8], [7], [7], [8], [9], [8], [8], [8], [8], [7], [8], [8], [8], [7], [7], [8], [6], [7], [8], [7], [8], [7], [8], [7], [7], [7], [9], [9], [8]]
Power draw values (W): [[129.24], [90.42], [90.6], [90.81], [91.58], [91.73], [91.35], [91.41], [90.61], [92.27], [91.75], [91.33], [92.0], [91.24], [91.06], [91.16], [91.05], [91.21], [91.83], [91.55], [91.43], [91.58], [91.64], [91.24], [91.68], [91.45], [91.22], [91.44], [91.49], [91.33], [91.7], [92.4], [91.12], [90.65], [91.59], [91.15], [91.24], [92.1], [91.44], [91.27], [90.9], [90.68], [91.97], [91.63], [91.6], [91.32], [91.22], [91.2], [91.28], [91.57], [90.96], [91.5], [92.07], [91.63], [91.99], [91.83], [91.61], [91.73], [91.93], [91.88], [91.55], [91.96], [91.74], [92.2], [92.25], [91.37], [92.17], [92.3], [91.94], [92.21], [92.12], [91.8], [91.69], [91.68], [91.92], [91.65], [91.88], [92.03], [91.87], [92.11], [91.67], [91.64], [91.91]]

prompt7 of the 10 requests: 
Time taken for comparisons: 117.44420313928276 seconds.
 Starttime: 2026-04-07 15:31:17.028375 Endtime: 2026-04-07 15:33:14.471600
With GPU memory usage values (MiB): [[67871], [67907], [67907], [67907], [67907], [67907], [67907], [67907], [67907], [67907], [67907], [67907], [67907], [67907], [67907], [67907], [67907], [67907], [67907], [67907], [67909], [67909], [67911], [67911], [67911], [67911], [67911], [67915], [67919], [67919], [67919], [67923], [67925], [67925], [67925], [67925], [67927], [67927], [67927], [67927], [67927], [67931], [67931], [67931], [67931], [67931], [67931], [67931], [67931], [67931], [67931], [67931], [67931], [67931], [67931], [67931], [67931], [67931], [67931], [67931], [67931], [67931], [67931], [67931], [67931], [67931], [67931], [67931], [67931], [67931], [67931], [67931], [67931], [67931], [67931], [67931], [67931], [67931], [67931], [67931], [67931], [67931], [67931], [67931], [67931], [67931]]
GPU utilization values (%): [[14], [7], [8], [6], [7], [6], [7], [8], [8], [7], [7], [8], [8], [8], [7], [7], [7], [7], [8], [8], [6], [7], [6], [7], [7], [7], [6], [7], [6], [8], [7], [7], [7], [8], [7], [7], [7], [7], [8], [5], [7], [6], [8], [7], [7], [7], [8], [7], [6], [8], [6], [8], [8], [8], [8], [8], [7], [8], [7], [7], [9], [8], [8], [7], [8], [8], [9], [7], [8], [8], [7], [8], [7], [8], [7], [8], [8], [9], [8], [8], [8], [9], [8], [8], [8], [9]]
Power draw values (W): [[129.24], [90.42], [90.85], [91.26], [91.58], [91.73], [91.37], [91.93], [91.61], [91.62], [92.14], [91.49], [92.1], [91.24], [91.06], [91.06], [91.42], [91.54], [91.58], [91.14], [91.43], [91.58], [91.64], [91.24], [91.59], [91.45], [91.11], [91.36], [91.66], [91.65], [91.94], [91.12], [90.65], [91.59], [91.28], [90.79], [92.27], [91.57], [91.5], [90.9], [90.79], [91.97], [91.64], [91.77], [91.48], [91.79], [91.06], [91.01], [91.03], [91.34], [91.67], [92.25], [91.86], [92.81], [91.58], [92.02], [91.83], [91.89], [91.8], [91.78], [91.95], [91.54], [92.08], [91.97], [91.58], [92.12], [92.14], [91.92], [92.22], [92.14], [91.99], [91.69], [91.56], [91.79], [91.89], [92.24], [92.26], [91.95], [92.05], [91.77], [91.51], [91.98], [91.82], [92.35], [91.77], [92.01]]

prompt8 of the 10 requests: 
Time taken for comparisons: 194.9451376600191 seconds.
 Starttime: 2026-04-07 15:31:17.028723 Endtime: 2026-04-07 15:34:31.972957
With GPU memory usage values (MiB): [[67871], [67907], [67907], [67907], [67907], [67907], [67907], [67907], [67907], [67907], [67907], [67907], [67907], [67907], [67907], [67907], [67907], [67907], [67907], [67907], [67909], [67909], [67911], [67911], [67911], [67911], [67911], [67911], [67915], [67917], [67919], [67919], [67919], [67923], [67925], [67925], [67925], [67925], [67925], [67927], [67927], [67927], [67927], [67927], [67931], [67931], [67931], [67931], [67931], [67931], [67931], [67931], [67931], [67931], [67931], [67931], [67931], [67931], [67931], [67931], [67931], [67931], [67931], [67931], [67931], [67931], [67931], [67931], [67931], [67931], [67931], [67931], [67931], [67931], [67931], [67931], [67931], [67931], [67931], [67931], [67931], [67931], [67931], [67931], [67931], [67931], [67931], [67931], [67931], [67931], [67931], [67931], [67931], [67931], [67931], [67931], [67931], [67931], [67931], [67931], [67931], [67931], [67931], [67931], [67931], [67931], [67931], [67931], [67931], [67931], [67931], [67931], [67931], [67931], [67931], [67931], [67931], [67931], [67931], [67931], [67931], [67931], [67931], [67931], [67931], [67931], [67931], [67931], [67931], [67931], [67931], [67931], [67931], [67931], [67931], [67931], [67931], [67931], [67931], [67931], [67931], [67931], [67931], [67931], [67931], [67931], [67931], [67931], [67931], [67931], [67931], [67931], [67931], [67931], [67931], [67931], [67931]]
GPU utilization values (%): [[14], [7], [7], [7], [9], [7], [7], [7], [9], [8], [7], [6], [7], [7], [8], [7], [7], [7], [7], [7], [7], [8], [8], [8], [7], [8], [7], [7], [7], [7], [8], [7], [7], [8], [7], [8], [7], [7], [6], [7], [7], [8], [7], [7], [8], [8], [7], [8], [6], [7], [8], [7], [8], [6], [8], [8], [7], [7], [7], [8], [8], [7], [7], [8], [8], [8], [8], [8], [8], [8], [8], [8], [8], [9], [8], [7], [7], [7], [8], [7], [7], [7], [9], [8], [9], [8], [8], [8], [9], [8], [8], [8], [10], [9], [9], [9], [8], [9], [9], [9], [10], [9], [8], [8], [8], [8], [8], [9], [8], [9], [9], [8], [7], [8], [8], [8], [8], [8], [8], [9], [8], [8], [7], [8], [8], [9], [9], [8], [8], [8], [9], [8], [8], [8], [9], [8], [9], [9], [9], [8], [8], [9], [9], [9], [9], [8], [8], [8], [8], [9], [9], [8], [8], [8], [8], [8], [9]]
Power draw values (W): [[129.24], [90.43], [91.28], [91.43], [91.52], [90.29], [91.64], [91.38], [91.93], [91.67], [91.49], [91.21], [91.56], [91.96], [91.83], [91.06], [91.16], [91.14], [91.25], [91.62], [92.62], [91.73], [91.93], [91.62], [91.24], [91.68], [91.3], [91.46], [91.03], [91.08], [91.66], [91.64], [91.32], [91.19], [91.8], [90.68], [91.54], [90.71], [90.73], [91.49], [91.46], [91.88], [91.04], [90.68], [91.97], [91.63], [91.6], [91.36], [91.23], [91.24], [91.29], [91.05], [91.32], [91.88], [92.21], [91.63], [91.99], [91.78], [91.61], [91.73], [91.8], [91.93], [91.6], [91.69], [92.21], [91.97], [92.36], [91.71], [91.93], [92.12], [92.24], [92.15], [92.19], [92.61], [91.65], [91.56], [91.5], [91.65], [91.88], [92.03], [91.87], [92.03], [91.65], [91.56], [92.58], [91.97], [91.96], [91.92], [92.38], [92.27], [92.45], [92.37], [93.01], [91.89], [92.87], [91.95], [91.87], [92.08], [91.98], [92.79], [92.07], [92.71], [92.52], [92.35], [92.72], [91.99], [92.14], [92.39], [92.39], [92.37], [92.37], [92.32], [92.2], [92.1], [91.92], [92.05], [92.51], [92.36], [91.72], [92.61], [92.21], [92.22], [92.41], [92.17], [92.54], [92.35], [92.57], [92.43], [92.2], [92.59], [92.62], [92.53], [92.12], [92.58], [91.93], [92.05], [92.06], [92.2], [92.53], [92.3], [92.28], [92.44], [92.65], [92.31], [92.17], [92.1], [92.45], [93.18], [92.28], [92.34], [92.37], [92.47], [92.21], [92.62], [92.17], [92.2], [92.16]]

prompt4 of the 10 requests: 
Time taken for comparisons: 226.89756213361397 seconds.
 Starttime: 2026-04-07 15:31:17.025474 Endtime: 2026-04-07 15:35:03.919270
With GPU memory usage values (MiB): [[67871], [67907], [67907], [67907], [67907], [67907], [67907], [67907], [67907], [67907], [67907], [67907], [67907], [67907], [67907], [67907], [67907], [67907], [67907], [67907], [67909], [67909], [67909], [67911], [67911], [67911], [67911], [67911], [67915], [67917], [67919], [67919], [67919], [67923], [67925], [67925], [67925], [67925], [67925], [67927], [67927], [67927], [67927], [67931], [67931], [67931], [67931], [67931], [67931], [67931], [67931], [67931], [67931], [67931], [67931], [67931], [67931], [67931], [67931], [67931], [67931], [67931], [67931], [67931], [67931], [67931], [67931], [67931], [67931], [67931], [67931], [67931], [67931], [67931], [67931], [67931], [67931], [67931], [67931], [67931], [67931], [67931], [67931], [67931], [67931], [67931], [67931], [67931], [67931], [67931], [67931], [67931], [67931], [67931], [67931], [67931], [67931], [67931], [67931], [67931], [67931], [67931], [67931], [67931], [67931], [67931], [67931], [67931], [67931], [67931], [67931], [67931], [67931], [67931], [67931], [67931], [67931], [67931], [67931], [67931], [67931], [67931], [67931], [67931], [67931], [67931], [67931], [67931], [67931], [67931], [67931], [67931], [67931], [67931], [67931], [67931], [67931], [67931], [67931], [67931], [67931], [67931], [67931], [67931], [67931], [67931], [67931], [67931], [67931], [67931], [67931], [67931], [67931], [67931], [67931], [67931], [67931], [67931], [67931], [67931], [67931], [67931], [67931], [67931], [67931], [67931], [67931], [67931], [67931], [67931], [67931], [67931], [67931], [67931], [67931], [67931], [67931], [67931], [67931], [67931], [67931], [67931], [67931], [67931]]
GPU utilization values (%): [[14], [7], [8], [6], [7], [9], [8], [7], [7], [8], [7], [6], [8], [9], [8], [7], [7], [7], [7], [7], [7], [8], [7], [6], [7], [8], [7], [7], [8], [8], [7], [8], [7], [7], [6], [7], [8], [7], [8], [8], [9], [8], [7], [8], [8], [8], [7], [8], [7], [7], [6], [8], [6], [8], [8], [8], [8], [8], [8], [8], [8], [7], [9], [8], [8], [7], [8], [8], [9], [7], [8], [8], [8], [8], [9], [8], [7], [10], [8], [7], [7], [8], [8], [8], [8], [7], [8], [8], [9], [9], [8], [8], [9], [8], [8], [9], [8], [9], [9], [9], [9], [9], [8], [8], [9], [10], [9], [8], [8], [9], [9], [9], [9], [8], [9], [8], [8], [8], [9], [8], [8], [8], [8], [9], [8], [8], [9], [9], [8], [8], [8], [8], [8], [8], [8], [8], [9], [9], [8], [9], [8], [9], [8], [8], [8], [8], [8], [8], [9], [8], [8], [8], [8], [8], [8], [8], [9], [9], [9], [10], [9], [9], [9], [10], [9], [9], [9], [10], [9], [9], [9], [9], [9], [9], [9], [9], [9], [9], [10], [9], [9], [9], [10], [10]]
Power draw values (W): [[129.24], [90.42], [90.85], [91.26], [91.67], [91.46], [90.61], [91.38], [91.94], [91.67], [91.49], [91.37], [91.61], [92.05], [91.83], [91.06], [91.16], [91.14], [91.25], [91.69], [92.83], [91.32], [91.73], [91.64], [91.24], [91.68], [91.37], [91.28], [91.39], [91.41], [92.23], [91.65], [91.51], [91.09], [91.4], [90.86], [92.05], [91.19], [91.13], [91.27], [91.26], [91.24], [91.08], [91.94], [91.88], [91.46], [91.24], [91.29], [91.0], [91.05], [91.26], [91.34], [91.67], [92.21], [91.89], [92.82], [91.63], [92.03], [91.84], [91.86], [91.88], [91.69], [91.89], [91.6], [92.08], [91.97], [91.85], [92.12], [92.17], [91.92], [92.22], [92.14], [91.99], [92.74], [91.73], [91.96], [91.72], [91.81], [91.9], [91.86], [91.95], [92.03], [91.64], [91.61], [92.27], [91.95], [91.97], [91.92], [92.44], [92.29], [92.8], [92.8], [92.58], [91.95], [92.67], [91.78], [91.87], [92.01], [92.72], [92.39], [92.91], [92.55], [92.11], [92.61], [91.93], [92.51], [92.19], [92.45], [92.18], [92.37], [92.26], [92.21], [92.2], [92.25], [92.37], [92.81], [92.36], [91.72], [92.61], [92.21], [92.22], [92.48], [92.17], [92.58], [92.48], [92.48], [92.77], [92.16], [92.51], [92.66], [92.6], [92.26], [92.1], [92.22], [92.05], [91.82], [92.64], [92.05], [92.46], [92.09], [92.74], [92.68], [91.9], [92.21], [92.1], [92.55], [93.1], [92.37], [92.06], [92.51], [92.36], [92.91], [92.27], [92.33], [92.04], [92.7], [92.44], [93.1], [92.77], [92.53], [92.18], [93.15], [93.08], [92.9], [92.39], [92.2], [92.95], [92.33], [92.81], [92.51], [93.07], [93.12], [92.69], [92.6], [93.15], [92.85], [93.01], [92.62], [92.47], [92.64], [93.17], [92.68], [93.04], [93.07]]

prompt10 of the 10 requests: 
Time taken for comparisons: 236.34396115224808 seconds.
 Starttime: 2026-04-07 15:31:17.029347 Endtime: 2026-04-07 15:35:13.372966
With GPU memory usage values (MiB): [[67871], [67907], [67907], [67907], [67907], [67907], [67907], [67907], [67907], [67907], [67907], [67907], [67907], [67907], [67907], [67907], [67907], [67907], [67907], [67907], [67909], [67909], [67911], [67911], [67911], [67911], [67911], [67915], [67917], [67919], [67919], [67919], [67923], [67923], [67925], [67925], [67925], [67925], [67927], [67927], [67927], [67927], [67931], [67931], [67931], [67931], [67931], [67931], [67931], [67931], [67931], [67931], [67931], [67931], [67931], [67931], [67931], [67931], [67931], [67931], [67931], [67931], [67931], [67931], [67931], [67931], [67931], [67931], [67931], [67931], [67931], [67931], [67931], [67931], [67931], [67931], [67931], [67931], [67931], [67931], [67931], [67931], [67931], [67931], [67931], [67931], [67931], [67931], [67931], [67931], [67931], [67931], [67931], [67931], [67931], [67931], [67931], [67931], [67931], [67931], [67931], [67931], [67931], [67931], [67931], [67931], [67931], [67931], [67931], [67931], [67931], [67931], [67931], [67931], [67931], [67931], [67931], [67931], [67931], [67931], [67931], [67931], [67931], [67931], [67931], [67931], [67931], [67931], [67931], [67931], [67931], [67931], [67931], [67931], [67931], [67931], [67931], [67931], [67931], [67931], [67931], [67931], [67931], [67931], [67931], [67931], [67931], [67931], [67931], [67931], [67931], [67931], [67931], [67931], [67931], [67931], [67931], [67931], [67931], [67931], [67931], [67931], [67931], [67931], [67931], [67931], [67931], [67931], [67931], [67931], [67931], [67931], [67931], [67931], [67931], [67931], [67931], [67931], [67931], [67931], [67931], [67931], [67931], [67931], [67931], [67931], [67931], [67931], [67931], [67931], [67931], [67931], [67931]]
GPU utilization values (%): [[14], [7], [8], [6], [7], [6], [10], [7], [7], [6], [9], [6], [7], [7], [8], [9], [8], [7], [7], [7], [6], [7], [6], [7], [8], [7], [8], [7], [7], [8], [7], [7], [7], [9], [5], [8], [7], [6], [7], [9], [7], [7], [7], [7], [7], [8], [8], [7], [7], [7], [7], [7], [7], [8], [8], [7], [8], [7], [8], [9], [8], [8], [8], [8], [8], [8], [8], [8], [7], [7], [8], [6], [7], [8], [8], [8], [8], [8], [8], [7], [7], [8], [8], [8], [9], [8], [8], [8], [9], [9], [8], [8], [9], [8], [9], [8], [8], [8], [8], [8], [9], [10], [9], [9], [9], [8], [9], [9], [8], [9], [9], [9], [9], [9], [10], [8], [7], [8], [7], [7], [7], [8], [8], [8], [9], [8], [8], [9], [9], [8], [8], [9], [8], [8], [9], [8], [8], [8], [9], [8], [8], [9], [9], [9], [8], [8], [8], [8], [8], [9], [8], [8], [8], [8], [8], [9], [9], [9], [9], [8], [8], [9], [8], [10], [8], [9], [9], [9], [9], [8], [9], [10], [9], [9], [9], [9], [10], [9], [8], [9], [8], [9], [9], [9], [9], [9], [9], [9], [9], [9], [10], [9], [12]]
Power draw values (W): [[129.24], [90.42], [90.6], [91.26], [91.35], [91.83], [91.42], [90.58], [91.71], [92.14], [91.51], [91.34], [91.64], [91.33], [91.55], [91.86], [91.38], [91.14], [91.13], [91.62], [91.78], [91.51], [91.66], [91.32], [91.68], [91.3], [91.54], [90.85], [91.1], [91.79], [91.64], [91.6], [91.92], [91.49], [90.37], [91.44], [90.81], [90.74], [91.27], [91.36], [91.25], [91.28], [91.57], [91.48], [91.34], [91.58], [91.32], [91.22], [91.22], [91.33], [91.42], [91.01], [91.97], [92.21], [91.63], [91.99], [91.78], [91.45], [91.76], [91.98], [91.98], [91.53], [91.85], [91.66], [92.04], [92.0], [91.32], [92.18], [92.17], [91.92], [92.21], [92.12], [91.8], [92.02], [91.67], [92.14], [91.85], [91.8], [91.97], [91.78], [91.83], [91.91], [91.64], [91.56], [92.58], [91.97], [91.76], [91.92], [92.44], [92.29], [92.8], [92.8], [92.66], [91.95], [92.56], [91.89], [91.99], [92.07], [92.13], [92.35], [92.49], [92.88], [92.5], [92.14], [92.2], [92.14], [92.5], [92.34], [92.31], [92.46], [92.31], [92.08], [92.15], [92.37], [92.28], [92.36], [92.24], [92.39], [91.92], [92.33], [91.97], [92.59], [92.48], [92.17], [92.58], [92.35], [92.58], [92.77], [92.16], [92.5], [92.66], [92.47], [92.26], [92.2], [92.33], [92.05], [92.07], [92.96], [92.26], [92.46], [92.13], [92.58], [92.48], [91.99], [92.49], [92.18], [92.49], [92.71], [92.21], [92.25], [92.5], [92.5], [92.61], [92.3], [92.49], [92.01], [92.54], [92.44], [92.97], [92.77], [92.44], [92.26], [93.14], [93.07], [92.83], [92.45], [92.61], [92.61], [92.64], [92.25], [92.93], [92.73], [92.91], [93.1], [92.62], [93.3], [92.89], [92.57], [92.39], [92.48], [93.29], [92.72], [92.48], [92.47], [92.68], [93.64], [93.12], [93.42], [93.49], [93.51], [93.23], [93.15], [93.26]]

prompt3 of the 10 requests: 
Time taken for comparisons: 417.43684238102287 seconds.
 Starttime: 2026-04-07 15:31:17.024911 Endtime: 2026-04-07 15:38:14.461346
With GPU memory usage values (MiB): [[67871], [67907], [67907], [67907], [67907], [67907], [67907], [67907], [67907], [67907], [67907], [67907], [67907], [67907], [67907], [67907], [67907], [67907], [67907], [67909], [67909], [67911], [67911], [67911], [67911], [67911], [67911], [67915], [67919], [67919], [67919], [67923], [67923], [67925], [67925], [67925], [67925], [67925], [67927], [67927], [67927], [67927], [67931], [67931], [67931], [67931], [67931], [67931], [67931], [67931], [67931], [67931], [67931], [67931], [67931], [67931], [67931], [67931], [67931], [67931], [67931], [67931], [67931], [67931], [67931], [67931], [67931], [67931], [67931], [67931], [67931], [67931], [67931], [67931], [67931], [67931], [67931], [67931], [67931], [67931], [67931], [67931], [67931], [67931], [67931], [67931], [67931], [67931], [67931], [67931], [67931], [67931], [67931], [67931], [67931], [67931], [67931], [67931], [67931], [67931], [67931], [67931], [67931], [67931], [67931], [67931], [67931], [67931], [67931], [67931], [67931], [67931], [67931], [67931], [67931], [67931], [67931], [67931], [67931], [67931], [67931], [67931], [67931], [67931], [67931], [67931], [67931], [67931], [67931], [67931], [67931], [67931], [67931], [67931], [67931], [67931], [67931], [67931], [67931], [67931], [67931], [67931], [67931], [67931], [67931], [67931], [67931], [67931], [67931], [67931], [67931], [67931], [67931], [67931], [67931], [67931], [67931], [67931], [67931], [67931], [67931], [67931], [67931], [67931], [67931], [67931], [67931], [67931], [67931], [67931], [67931], [67931], [67931], [67931], [67931], [67931], [67931], [67931], [67931], [67931], [67931], [67931], [67931], [67931], [67931], [67931], [67931], [67931], [67931], [67931], [67931], [67931], [67931], [67931], [67931], [67931], [67931], [67931], [67931], [67931], [67931], [67931], [67931], [67931], [67931], [67931], [67931], [67931], [67931], [67931], [67931], [67931], [67931], [67931], [67931], [67931], [67931], [67931], [67931], [67931], [67931], [67931], [67931], [67931], [67931], [67931], [67931], [67931], [67931], [67931], [67931], [67931], [67931], [67931], [67931], [67931], [67931], [67931], [67931], [67931], [67931], [67931], [67931], [67931], [67931], [67931], [67931], [67931], [67931], [67931], [67931], [67931], [67931], [67931], [67931], [67931], [67931], [67931], [67931], [67931], [67931], [67931], [67931], [67931], [67931], [67931], [67931], [67931], [67931], [67931], [67931], [67931], [67931], [67931], [67931], [67931], [67931], [67931], [67931], [67931], [67931], [67931], [67931], [67931], [67931], [67931], [67931], [67931], [67931], [67931], [67931], [67931], [67931], [67931], [67931], [67931], [67931], [67931], [67931], [67931], [67931], [67931], [67931], [67931], [67931], [67931], [67931], [67931], [67931], [67931], [67931], [67931], [67931], [67931], [67931], [67931], [67931], [67931], [67931], [67931], [67931], [67931], [67931], [67931], [67931], [67931], [67931], [67931], [67931], [67931], [67931], [67931], [67931], [67931], [67931], [67931], [67931], [67931], [67931], [67931], [67931], [67931], [67931], [67931], [67931], [67931], [67931], [67931], [67931], [67931], [67931], [67931], [67931], [67931], [67931], [67931], [67931], [67931]]
GPU utilization values (%): [[14], [7], [8], [6], [7], [6], [7], [8], [7], [7], [8], [7], [8], [8], [7], [7], [7], [7], [7], [6], [7], [7], [8], [7], [7], [7], [6], [7], [7], [7], [9], [9], [7], [7], [8], [8], [7], [7], [8], [8], [5], [7], [8], [9], [7], [8], [8], [7], [8], [7], [8], [7], [8], [8], [8], [8], [7], [8], [8], [8], [7], [7], [8], [8], [7], [8], [8], [9], [9], [8], [9], [8], [8], [8], [6], [7], [7], [8], [8], [9], [8], [7], [8], [9], [8], [8], [8], [9], [8], [8], [9], [8], [9], [8], [8], [9], [8], [9], [9], [9], [9], [9], [8], [9], [9], [10], [8], [8], [8], [8], [9], [9], [9], [8], [9], [8], [8], [8], [9], [9], [8], [8], [9], [9], [9], [9], [8], [9], [8], [8], [9], [9], [7], [8], [8], [7], [9], [7], [9], [8], [8], [8], [8], [8], [8], [8], [8], [9], [8], [8], [8], [9], [9], [9], [7], [8], [8], [9], [9], [8], [8], [9], [8], [10], [8], [9], [9], [9], [9], [8], [9], [10], [9], [8], [9], [9], [9], [9], [9], [9], [9], [9], [9], [10], [9], [10], [10], [10], [9], [10], [9], [10], [9], [12], [11], [11], [12], [12], [11], [11], [12], [12], [12], [12], [11], [12], [12], [12], [11], [12], [12], [12], [12], [12], [12], [12], [12], [12], [12], [12], [12], [12], [12], [12], [12], [11], [11], [11], [12], [11], [12], [11], [12], [11], [12], [12], [12], [11], [12], [12], [12], [11], [11], [12], [12], [12], [11], [12], [12], [12], [12], [12], [11], [12], [11], [12], [12], [12], [12], [12], [12], [12], [12], [12], [12], [12], [12], [12], [12], [12], [12], [12], [12], [12], [12], [11], [12], [12], [12], [12], [11], [12], [12], [12], [10], [12], [11], [12], [12], [12], [12], [12], [11], [12], [12], [12], [12], [12], [12], [12], [12], [12], [12], [12], [12], [12], [12], [12], [12], [11], [12], [12], [12], [12], [11], [12], [11], [12], [12], [12], [12], [12], [12], [12], [12], [12], [12], [12], [12], [12], [12], [13], [12], [12], [12], [12], [12], [13], [12], [13], [12], [13], [12], [12], [12], [12], [12], [12], [12], [13], [12], [12], [13], [12], [13], [13], [12], [0]]
Power draw values (W): [[128.51], [90.42], [90.85], [91.26], [91.35], [91.73], [91.37], [91.93], [90.99], [91.58], [92.19], [91.49], [92.1], [91.24], [91.06], [91.16], [91.14], [91.13], [91.62], [91.78], [91.83], [92.09], [91.61], [91.33], [91.59], [91.45], [91.22], [91.44], [91.49], [91.81], [91.71], [92.35], [91.12], [90.49], [91.59], [91.91], [91.29], [91.55], [91.43], [91.09], [90.9], [91.08], [91.95], [91.84], [91.15], [91.5], [91.32], [91.07], [91.28], [91.26], [91.42], [91.69], [92.24], [91.34], [92.17], [91.56], [91.79], [92.01], [91.85], [91.8], [91.93], [91.6], [91.62], [92.21], [91.79], [91.85], [92.12], [92.14], [91.89], [92.3], [92.46], [92.03], [92.54], [91.7], [91.71], [91.5], [91.65], [91.76], [92.12], [91.95], [91.98], [91.75], [91.52], [91.98], [91.82], [92.35], [91.77], [92.01], [92.2], [92.29], [92.76], [92.79], [92.58], [92.02], [92.67], [91.78], [91.87], [92.01], [92.72], [92.36], [92.63], [92.55], [91.95], [92.61], [91.92], [92.6], [92.23], [92.59], [91.97], [92.37], [92.25], [92.21], [92.32], [92.25], [92.37], [92.73], [92.14], [92.03], [92.35], [92.02], [92.17], [92.5], [92.2], [92.44], [92.34], [92.73], [92.37], [92.43], [92.15], [92.74], [92.5], [92.5], [92.36], [92.02], [92.15], [91.88], [92.27], [92.84], [92.09], [92.44], [92.09], [92.65], [92.76], [92.08], [92.06], [92.03], [92.62], [93.13], [92.47], [92.15], [92.28], [92.43], [92.93], [92.43], [91.94], [91.89], [92.7], [92.45], [92.49], [92.71], [92.28], [92.26], [93.14], [93.07], [92.83], [92.02], [92.61], [92.61], [92.64], [92.55], [92.93], [92.95], [93.08], [93.15], [92.48], [93.22], [92.99], [92.92], [92.42], [92.48], [93.3], [92.5], [92.39], [92.89], [93.01], [93.58], [92.94], [93.17], [93.46], [93.42], [92.94], [93.12], [93.29], [94.63], [94.96], [94.82], [94.73], [95.26], [94.53], [94.53], [94.63], [94.36], [94.37], [94.95], [94.6], [94.89], [94.88], [94.84], [94.56], [94.78], [94.77], [94.63], [94.89], [95.02], [94.94], [94.72], [94.79], [95.27], [95.36], [94.66], [95.27], [95.55], [95.6], [95.17], [95.51], [94.5], [94.65], [94.38], [94.45], [94.55], [94.49], [94.49], [94.88], [94.79], [94.7], [95.06], [94.7], [94.73], [94.88], [94.97], [95.3], [95.14], [95.15], [95.65], [95.41], [95.71], [95.28], [95.24], [95.4], [95.48], [95.58], [94.99], [95.83], [96.17], [95.39], [95.31], [95.76], [95.38], [95.62], [95.29], [95.44], [95.22], [95.46], [95.33], [95.65], [95.55], [95.43], [95.53], [95.62], [95.92], [95.59], [95.46], [95.76], [95.73], [95.6], [95.59], [95.48], [95.54], [95.83], [96.07], [95.54], [96.1], [95.75], [95.89], [95.84], [96.01], [96.38], [95.66], [96.11], [95.88], [95.99], [95.78], [95.72], [96.01], [95.75], [95.85], [95.68], [95.79], [96.45], [95.85], [95.92], [96.07], [95.32], [95.67], [95.7], [96.58], [95.61], [95.81], [95.49], [95.68], [95.22], [95.53], [95.85], [95.92], [95.59], [95.43], [95.94], [95.66], [95.79], [95.3], [95.58], [96.25], [95.46], [96.31], [96.05], [96.03], [96.02], [95.6], [95.97], [95.4], [96.03], [95.9], [95.82], [96.08], [96.24], [96.19], [96.71], [96.23], [96.07], [96.07], [95.93], [96.49], [95.82], [96.04], [96.26], [96.25], [96.44], [95.98], [96.15], [96.3], [96.16], [96.26], [96.85], [96.61], [96.04], [96.14], [96.6], [94.12]]

In total for 10 requests: Time taken for comparisons: 417.4392054118216 seconds.
With avg GPU memory usage values (MiB): 67924.79842519684
avg GPU utilization values (%): 8.381631037212985
avg Power draw values (W): 92.64173228346462
