--- Starting comparisons --- 
Initial GPU memory loaded: [42815] MiB
Of total GPU memory: [95830] MiB

promptBaseline of the 10 requests: 
Time taken for comparisons: 4.422544921049848 seconds.
 Starttime: 2026-03-28 09:38:54.761582 Endtime: 2026-03-28 09:38:59.183766
With GPU memory usage values (MiB): [[42897], [42897], [42899], [42899]]
GPU utilization values (%): [[42], [40], [42], [0]]
Power draw values (W): [[129.44], [169.52], [170.39], [91.82]]

prompt6 of the 10 requests: 
Time taken for comparisons: 30.13026532693766 seconds.
 Starttime: 2026-03-28 09:38:59.191459 Endtime: 2026-03-28 09:39:29.316109
With GPU memory usage values (MiB): [[43561], [43561], [43561], [43561], [43561], [43561], [43561], [43561], [43561], [43561], [43563], [43565], [43565], [43565], [43567], [43569], [43571], [43573], [43577], [43577]]
GPU utilization values (%): [[24], [25], [26], [22], [33], [29], [30], [27], [34], [30], [28], [30], [31], [29], [25], [28], [23], [31], [31], [39]]
Power draw values (W): [[142.23], [144.76], [141.75], [146.14], [149.82], [151.34], [145.02], [150.0], [149.03], [147.42], [147.59], [147.39], [145.93], [149.32], [144.9], [148.1], [147.55], [147.75], [152.99], [150.69]]

prompt1 of the 10 requests: 
Time taken for comparisons: 32.486363532952964 seconds.
 Starttime: 2026-03-28 09:38:59.184469 Endtime: 2026-03-28 09:39:31.668860
With GPU memory usage values (MiB): [[43561], [43561], [43561], [43561], [43561], [43561], [43561], [43561], [43561], [43561], [43561], [43563], [43565], [43565], [43565], [43567], [43569], [43571], [43573], [43577], [43577], [43577], [43577]]
GPU utilization values (%): [[24], [22], [34], [32], [39], [39], [26], [20], [30], [24], [30], [30], [31], [28], [28], [32], [28], [30], [31], [26], [30], [24], [32]]
Power draw values (W): [[142.23], [145.52], [145.44], [145.56], [152.24], [150.39], [147.21], [146.9], [144.12], [147.7], [150.99], [148.04], [147.01], [146.42], [149.65], [144.9], [146.22], [147.55], [150.26], [150.46], [144.55], [143.05], [147.56]]

prompt2 of the 10 requests: 
Time taken for comparisons: 35.34287159284577 seconds.
 Starttime: 2026-03-28 09:38:59.185228 Endtime: 2026-03-28 09:39:34.527755
With GPU memory usage values (MiB): [[43561], [43561], [43561], [43561], [43561], [43561], [43561], [43561], [43561], [43561], [43561], [43563], [43565], [43565], [43567], [43569], [43569], [43571], [43573], [43577], [43577], [43577], [43577], [43577], [43577]]
GPU utilization values (%): [[24], [25], [25], [22], [34], [25], [36], [31], [27], [28], [29], [30], [27], [33], [29], [30], [22], [30], [33], [34], [20], [33], [36], [31], [28]]
Power draw values (W): [[141.76], [144.76], [142.47], [146.14], [152.63], [149.5], [151.41], [146.34], [151.7], [150.6], [146.59], [149.27], [146.43], [150.38], [150.62], [147.94], [145.05], [148.4], [146.35], [148.22], [148.44], [147.25], [146.55], [145.88], [150.07]]

prompt5 of the 10 requests: 
Time taken for comparisons: 41.25849866610952 seconds.
 Starttime: 2026-03-28 09:38:59.187380 Endtime: 2026-03-28 09:39:40.440799
With GPU memory usage values (MiB): [[43561], [43561], [43561], [43561], [43561], [43561], [43561], [43561], [43561], [43561], [43561], [43563], [43565], [43565], [43567], [43569], [43569], [43571], [43573], [43577], [43577], [43577], [43577], [43577], [43577], [43577], [43577], [43577], [43577]]
GPU utilization values (%): [[24], [22], [25], [22], [34], [25], [29], [34], [32], [29], [30], [30], [27], [33], [29], [30], [34], [24], [31], [33], [30], [32], [34], [34], [32], [34], [31], [36], [32]]
Power draw values (W): [[142.23], [144.76], [142.47], [146.14], [153.7], [149.9], [151.41], [151.62], [151.05], [148.81], [147.73], [149.27], [146.43], [150.15], [149.06], [146.79], [146.61], [145.53], [143.28], [146.06], [145.85], [147.56], [147.1], [151.33], [154.72], [154.5], [149.23], [152.78], [154.02]]

prompt7 of the 10 requests: 
Time taken for comparisons: 56.6674275288824 seconds.
 Starttime: 2026-03-28 09:38:59.191770 Endtime: 2026-03-28 09:39:55.855347
With GPU memory usage values (MiB): [[43561], [43561], [43561], [43561], [43561], [43561], [43561], [43561], [43561], [43561], [43563], [43563], [43565], [43565], [43567], [43569], [43569], [43571], [43573], [43577], [43577], [43577], [43577], [43577], [43577], [43577], [43577], [43577], [43577], [43577], [43577], [43577], [43577], [43577], [43577], [43577], [43577], [43577], [43577], [43577], [43577], [43577], [43577]]
GPU utilization values (%): [[24], [22], [26], [22], [33], [29], [36], [20], [26], [36], [31], [28], [30], [29], [29], [32], [34], [24], [31], [34], [33], [34], [33], [33], [28], [31], [33], [31], [26], [30], [40], [32], [35], [31], [32], [28], [31], [31], [38], [27], [29], [30], [33]]
Power draw values (W): [[142.23], [144.76], [141.75], [146.14], [152.63], [151.46], [145.02], [148.86], [153.62], [156.49], [148.12], [147.69], [146.71], [148.88], [150.76], [148.79], [145.57], [145.24], [144.52], [148.22], [150.22], [150.6], [150.13], [145.0], [152.83], [151.02], [151.86], [150.7], [155.12], [154.64], [152.63], [150.96], [139.51], [149.57], [150.35], [146.76], [153.63], [152.59], [150.59], [152.96], [151.13], [153.72], [151.88]]

prompt9 of the 10 requests: 
Time taken for comparisons: 60.48415175708942 seconds.
 Starttime: 2026-03-28 09:38:59.195418 Endtime: 2026-03-28 09:39:59.677852
With GPU memory usage values (MiB): [[43561], [43561], [43561], [43561], [43561], [43561], [43561], [43561], [43561], [43561], [43561], [43563], [43565], [43565], [43565], [43567], [43569], [43571], [43573], [43573], [43577], [43577], [43577], [43577], [43577], [43577], [43577], [43577], [43577], [43577], [43577], [43577], [43577], [43577], [43577], [43577], [43577], [43577], [43577], [43577], [43577], [43577], [43577], [43577], [43577], [43577], [43577]]
GPU utilization values (%): [[24], [30], [34], [32], [39], [26], [26], [20], [30], [24], [30], [28], [33], [31], [33], [24], [28], [31], [38], [34], [21], [30], [31], [32], [34], [33], [27], [37], [29], [33], [28], [29], [31], [30], [36], [33], [33], [33], [31], [37], [40], [29], [29], [32], [37], [34], [38]]
Power draw values (W): [[148.42], [145.52], [145.44], [145.56], [151.04], [148.76], [147.67], [146.47], [146.91], [147.7], [150.99], [147.59], [148.58], [147.51], [151.13], [144.4], [150.04], [146.18], [150.85], [144.87], [145.44], [145.85], [148.64], [149.01], [149.17], [151.21], [150.7], [151.14], [152.27], [154.43], [154.44], [151.56], [150.84], [139.46], [152.43], [147.67], [147.83], [152.88], [154.62], [151.93], [151.89], [152.81], [152.44], [151.46], [154.72], [154.7], [156.1]]

prompt4 of the 10 requests: 
Time taken for comparisons: 104.45871131285094 seconds.
 Starttime: 2026-03-28 09:38:59.187142 Endtime: 2026-03-28 09:40:43.642033
With GPU memory usage values (MiB): [[43561], [43561], [43561], [43561], [43561], [43561], [43561], [43561], [43561], [43561], [43561], [43563], [43563], [43565], [43565], [43567], [43569], [43569], [43571], [43573], [43577], [43577], [43577], [43577], [43577], [43577], [43577], [43577], [43577], [43577], [43577], [43577], [43577], [43577], [43577], [43577], [43577], [43577], [43577], [43577], [43577], [43577], [43577], [43577], [43577], [43577], [43577], [43577], [43577], [43577], [43577], [43577], [43577], [43577], [43577], [43577], [43577], [43577], [43577], [43577], [43577], [43577], [43577], [43577], [43577], [43577], [43577], [43577], [43577], [43577], [43577], [43577], [43577], [43577], [43577], [43577], [43577], [43577], [43577], [43577], [43577], [43577], [43577], [43577]]
GPU utilization values (%): [[24], [31], [32], [25], [39], [33], [29], [36], [27], [34], [31], [37], [31], [28], [29], [33], [32], [25], [24], [31], [21], [30], [31], [26], [32], [30], [34], [21], [31], [29], [24], [29], [30], [35], [36], [29], [33], [33], [31], [31], [29], [37], [32], [32], [34], [31], [33], [35], [36], [39], [32], [31], [29], [31], [41], [34], [37], [34], [33], [36], [33], [37], [38], [35], [38], [29], [37], [37], [32], [32], [36], [34], [36], [37], [33], [31], [34], [34], [37], [36], [34], [36], [25], [27]]
Power draw values (W): [[148.42], [148.45], [148.41], [143.15], [149.63], [146.77], [151.46], [144.87], [150.0], [151.68], [155.76], [150.22], [150.11], [147.11], [151.32], [149.9], [149.29], [144.26], [145.24], [144.52], [145.44], [148.57], [148.64], [147.89], [152.75], [151.81], [153.63], [147.54], [150.96], [152.79], [153.39], [150.75], [149.46], [139.66], [152.43], [151.31], [149.76], [152.88], [155.48], [152.5], [149.74], [152.34], [152.25], [153.84], [155.93], [157.43], [155.67], [156.38], [155.26], [155.66], [156.1], [155.21], [156.32], [158.25], [155.85], [155.95], [156.74], [158.19], [155.77], [156.09], [155.65], [159.61], [155.89], [153.14], [156.56], [156.21], [156.76], [154.49], [155.38], [154.37], [156.2], [154.23], [153.6], [153.47], [156.42], [154.13], [155.31], [153.52], [152.76], [157.11], [153.76], [154.49], [154.21], [156.55]]

prompt10 of the 10 requests: 
Time taken for comparisons: 123.88604355603456 seconds.
 Starttime: 2026-03-28 09:38:59.195643 Endtime: 2026-03-28 09:41:03.081199
With GPU memory usage values (MiB): [[43561], [43561], [43561], [43561], [43561], [43561], [43561], [43561], [43561], [43561], [43563], [43565], [43565], [43565], [43567], [43569], [43571], [43573], [43575], [43577], [43577], [43577], [43577], [43577], [43577], [43577], [43577], [43577], [43577], [43577], [43577], [43577], [43577], [43577], [43577], [43577], [43577], [43577], [43577], [43577], [43577], [43577], [43577], [43577], [43577], [43577], [43577], [43577], [43577], [43577], [43577], [43577], [43577], [43577], [43577], [43577], [43577], [43577], [43577], [43577], [43577], [43577], [43577], [43577], [43577], [43577], [43577], [43577], [43577], [43577], [43577], [43577], [43577], [43577], [43577], [43577], [43577], [43577], [43577], [43577], [43577], [43577], [43577], [43577], [43577], [43577], [43577], [43577], [43577], [43577], [43577], [43577], [43577], [43577], [43577], [43577], [43577], [43577], [43577], [43577]]
GPU utilization values (%): [[17], [22], [25], [22], [33], [29], [30], [27], [34], [35], [28], [33], [30], [33], [25], [28], [23], [20], [36], [33], [30], [32], [34], [34], [32], [31], [38], [29], [34], [39], [32], [30], [29], [36], [33], [30], [31], [28], [31], [29], [29], [32], [32], [34], [31], [33], [35], [38], [41], [31], [32], [34], [35], [32], [31], [37], [35], [28], [34], [32], [32], [35], [32], [33], [29], [32], [31], [30], [29], [29], [32], [36], [30], [36], [37], [35], [32], [35], [28], [31], [34], [33], [31], [36], [37], [34], [39], [37], [37], [38], [35], [35], [41], [36], [39], [37], [34], [31], [32], [36]]
Power draw values (W): [[142.23], [144.66], [142.47], [146.14], [149.82], [151.34], [144.87], [150.0], [149.03], [153.0], [148.82], [148.15], [147.65], [150.75], [144.4], [146.22], [146.86], [147.79], [147.74], [146.06], [145.85], [147.56], [147.1], [151.33], [154.72], [153.28], [149.79], [154.43], [154.19], [150.92], [152.38], [149.66], [137.74], [149.68], [147.67], [147.73], [150.94], [154.49], [151.46], [149.74], [152.34], [152.25], [153.84], [155.93], [157.43], [156.46], [156.87], [156.18], [157.22], [156.91], [155.03], [156.04], [159.11], [155.34], [155.55], [157.42], [157.82], [155.47], [151.5], [153.53], [155.04], [157.52], [155.08], [154.84], [154.78], [157.18], [156.35], [153.97], [156.2], [155.64], [155.01], [155.62], [151.4], [156.47], [154.52], [153.47], [154.26], [152.41], [155.82], [154.69], [155.88], [157.01], [154.52], [158.34], [157.89], [157.96], [156.98], [157.47], [159.86], [160.64], [161.86], [158.54], [159.6], [160.46], [161.62], [159.3], [155.64], [156.94], [160.27], [158.82]]

prompt8 of the 10 requests: 
Time taken for comparisons: 130.95972438412718 seconds.
 Starttime: 2026-03-28 09:38:59.193988 Endtime: 2026-03-28 09:41:10.150955
With GPU memory usage values (MiB): [[43561], [43561], [43561], [43561], [43561], [43561], [43561], [43561], [43561], [43561], [43561], [43563], [43565], [43565], [43565], [43567], [43569], [43571], [43573], [43577], [43577], [43577], [43577], [43577], [43577], [43577], [43577], [43577], [43577], [43577], [43577], [43577], [43577], [43577], [43577], [43577], [43577], [43577], [43577], [43577], [43577], [43577], [43577], [43577], [43577], [43577], [43577], [43577], [43577], [43577], [43577], [43577], [43577], [43577], [43577], [43577], [43577], [43577], [43577], [43577], [43577], [43577], [43577], [43577], [43577], [43577], [43577], [43577], [43577], [43577], [43577], [43577], [43577], [43577], [43577], [43577], [43577], [43577], [43577], [43577], [43577], [43577], [43577], [43577], [43577], [43577], [43577], [43577], [43577], [43577], [43577], [43577], [43577], [43577], [43577], [43577], [43577], [43577], [43577], [43577], [43577], [43577], [43577], [43577], [43577], [43577], [43577]]
GPU utilization values (%): [[17], [22], [25], [32], [21], [37], [38], [33], [30], [24], [30], [30], [31], [30], [28], [32], [28], [30], [20], [32], [30], [24], [32], [34], [34], [32], [34], [31], [36], [30], [40], [32], [8], [31], [32], [28], [34], [30], [32], [35], [36], [32], [29], [32], [33], [25], [28], [28], [24], [39], [32], [31], [29], [31], [41], [34], [37], [34], [33], [30], [30], [37], [38], [35], [35], [30], [30], [38], [35], [30], [36], [41], [29], [36], [34], [37], [30], [29], [33], [36], [29], [34], [34], [31], [41], [27], [35], [34], [28], [26], [38], [42], [33], [34], [39], [34], [33], [33], [31], [33], [34], [38], [36], [0], [38], [37], [42]]
Power draw values (W): [[142.23], [144.76], [142.47], [144.48], [150.7], [153.16], [150.07], [146.9], [143.09], [148.81], [147.42], [148.04], [147.8], [147.75], [149.65], [147.74], [146.22], [147.55], [149.0], [150.46], [146.71], [143.05], [147.56], [147.1], [151.33], [151.12], [154.5], [149.23], [152.78], [154.2], [152.63], [152.2], [139.51], [149.93], [151.66], [148.57], [153.94], [152.14], [152.77], [154.73], [151.04], [152.89], [152.48], [152.07], [154.2], [154.49], [155.87], [156.38], [153.78], [157.13], [156.1], [154.06], [157.21], [156.9], [156.49], [157.74], [156.74], [159.55], [155.77], [156.09], [155.65], [159.61], [155.89], [153.67], [156.68], [155.79], [157.62], [154.71], [156.04], [154.78], [156.6], [153.28], [152.72], [156.48], [156.5], [155.13], [152.58], [154.27], [151.94], [157.56], [155.36], [153.64], [152.32], [156.89], [161.28], [156.59], [156.44], [157.87], [156.29], [157.94], [161.9], [159.29], [158.38], [158.04], [156.56], [160.84], [158.3], [156.53], [156.15], [159.94], [159.72], [160.98], [164.57], [149.38], [160.58], [163.74], [167.18]]

prompt3 of the 10 requests: 
Time taken for comparisons: 153.1327325841412 seconds.
 Starttime: 2026-03-28 09:38:59.186891 Endtime: 2026-03-28 09:41:32.316864
With GPU memory usage values (MiB): [[43561], [43561], [43561], [43561], [43561], [43561], [43561], [43561], [43561], [43561], [43561], [43563], [43563], [43565], [43565], [43567], [43569], [43569], [43571], [43573], [43577], [43577], [43577], [43577], [43577], [43577], [43577], [43577], [43577], [43577], [43577], [43577], [43577], [43577], [43577], [43577], [43577], [43577], [43577], [43577], [43577], [43577], [43577], [43577], [43577], [43577], [43577], [43577], [43577], [43577], [43577], [43577], [43577], [43577], [43577], [43577], [43577], [43577], [43577], [43577], [43577], [43577], [43577], [43577], [43577], [43577], [43577], [43577], [43577], [43577], [43577], [43577], [43577], [43577], [43577], [43577], [43577], [43577], [43577], [43577], [43577], [43577], [43577], [43577], [43577], [43577], [43577], [43577], [43577], [43577], [43577], [43577], [43577], [43577], [43577], [43577], [43577], [43577], [43577], [43577], [43577], [43577], [43577], [43577], [43577], [43577], [43577], [43577], [43577], [43577], [43577], [43577], [43577], [43577], [43577], [43577], [43577], [43577], [43577], [43577], [43577], [43577], [43577], [43577], [43577], [43577], [43577]]
GPU utilization values (%): [[24], [31], [32], [37], [31], [33], [29], [36], [27], [34], [31], [28], [31], [28], [29], [33], [28], [25], [24], [31], [21], [33], [30], [33], [33], [34], [35], [30], [27], [33], [28], [29], [31], [35], [31], [33], [26], [34], [35], [30], [35], [33], [31], [33], [37], [31], [37], [32], [38], [35], [31], [37], [38], [37], [29], [35], [31], [30], [34], [31], [30], [30], [37], [38], [35], [35], [30], [30], [38], [35], [31], [32], [36], [30], [36], [37], [35], [32], [35], [28], [31], [34], [33], [31], [36], [37], [34], [39], [37], [37], [38], [42], [35], [41], [39], [34], [33], [34], [31], [33], [34], [38], [36], [0], [36], [37], [42], [43], [42], [43], [43], [40], [43], [39], [43], [43], [43], [39], [43], [40], [44], [41], [42], [43], [41], [43], [0]]
Power draw values (W): [[148.42], [143.92], [146.42], [143.15], [149.63], [146.77], [151.34], [144.87], [150.0], [151.68], [157.04], [147.83], [149.81], [147.07], [151.32], [146.79], [151.53], [144.26], [145.53], [143.28], [145.44], [150.22], [150.39], [150.63], [147.6], [151.89], [151.02], [150.9], [152.27], [154.43], [154.44], [151.29], [152.56], [138.53], [148.74], [148.64], [145.38], [151.31], [154.28], [151.6], [152.94], [151.1], [153.35], [151.29], [155.24], [156.73], [156.1], [155.13], [153.94], [153.57], [157.15], [154.27], [156.51], [157.74], [155.91], [154.24], [157.54], [156.07], [158.19], [155.77], [155.37], [154.98], [157.49], [155.06], [153.67], [154.79], [157.95], [157.35], [154.71], [156.04], [155.64], [157.78], [155.62], [152.77], [156.47], [156.32], [153.47], [154.26], [152.41], [155.82], [152.94], [156.4], [157.01], [154.52], [158.34], [157.89], [157.96], [156.98], [157.47], [159.86], [160.16], [159.19], [158.31], [159.93], [158.72], [161.62], [158.3], [156.53], [156.15], [159.94], [159.72], [160.98], [164.57], [146.74], [160.58], [162.39], [167.18], [176.57], [174.72], [175.76], [176.31], [173.8], [175.32], [175.74], [176.02], [176.11], [175.27], [173.54], [174.54], [174.02], [174.02], [174.75], [172.62], [173.81], [174.33], [174.75], [90.8]]

In total for 10 requests: Time taken for comparisons: 153.13982686097734 seconds.
With avg GPU memory usage values (MiB): 43572.8347107438
avg GPU utilization values (%): 31.9468438538206
avg Power draw values (W): 152.47722314049574
